onset,duration,period,division,bar,beat,signature,chord,form,chorus_id,bass
2.11428571429,0.40925170068,4,1,1,1,'4/4',D-7,A1,1,40
2.52353741497,0.415238095238,4,1,1,2,'4/4',D-7,A1,1,33
2.9387755102,0.428571428571,4,1,1,3,'4/4',D-7,A1,1,38
3.36734693878,0.427664399093,4,1,1,4,'4/4',D-7,A1,1,40
3.79501133787,0.437641723356,4,1,2,1,'4/4',D-7,A1,1,41
4.23265306122,0.424489795918,4,1,2,2,'4/4',D-7,A1,1,45
4.65714285714,0.410612244898,4,1,2,3,'4/4',D-7,A1,1,48
5.06775510204,0.41433106576,4,1,2,4,'4/4',D-7,A1,1,37
5.4820861678,0.433129251701,4,1,3,1,'4/4',D-7,A1,1,50
5.9152154195,0.415442176871,4,1,3,2,'4/4',D-7,A1,1,52
6.33065759637,0.424126984127,4,1,3,3,'4/4',D-7,A1,1,53
6.7547845805,0.423083900227,4,1,3,4,'4/4',D-7,A1,1,37
7.17786848073,0.433968253968,4,1,4,1,'4/4',D-7,A1,1,50
7.61183673469,0.42335600907,4,1,4,2,'4/4',D-7,A1,1,37
8.03519274376,0.423945578231,4,1,4,3,'4/4',D-7,A1,1,48
8.459138322,0.432947845805,4,1,4,4,'4/4',D-7,A1,1,46
8.8920861678,0.433968253968,4,1,5,1,'4/4',D-7,A1,1,44
9.32605442177,0.415487528345,4,1,5,2,'4/4',D-7,A1,1,43
9.74154195011,0.424217687075,4,1,5,3,'4/4',D-7,A1,1,41
10.1657596372,0.423265306122,4,1,5,4,'4/4',D-7,A1,1,40
10.5890249433,0.433764172336,4,1,6,1,'4/4',D-7,A1,1,38
11.0227891156,0.415600907029,4,1,6,2,'4/4',D-7,A1,1,36
11.4383900227,0.423265306122,4,1,6,3,'4/4',D-7,A1,1,35
11.8616553288,0.411814058957,4,1,6,4,'4/4',D-7,A1,1,34
12.2734693878,0.420408163265,4,1,7,1,'4/4',D-7,A1,1,33
12.693877551,0.421541950113,4,1,7,2,'4/4',D-7,A1,1,43
13.1154195011,0.422993197279,4,1,7,3,'4/4',D-7,A1,1,40
13.5384126984,0.423968253968,4,1,7,4,'4/4',D-7,A1,1,33
13.9623809524,0.406213151927,4,1,8,1,'4/4',D-7,A1,1,38
14.3685941043,0.433129251701,4,1,8,2,'4/4',D-7,A1,1,40
14.801723356,0.405623582766,4,1,8,3,'4/4',D-7,A1,1,41
15.2073469388,0.424240362812,4,1,8,4,'4/4',D-7,A1,1,45
15.6315873016,0.415691609977,4,1,9,1,'4/4',D-7,A2,1,38
16.0472789116,0.413197278912,4,1,9,2,'4/4',D-7,A2,1,37
16.4604761905,0.443650793651,4,1,9,3,'4/4',D-7,A2,1,36
16.9041269841,0.434126984127,4,1,9,4,'4/4',D-7,A2,1,35
17.3382539683,0.413265306122,4,1,10,1,'4/4',D-7,A2,1,33
17.7515192744,0.424081632653,4,1,10,2,'4/4',D-7,A2,1,45
18.175600907,0.433174603175,4,1,10,3,'4/4',D-7,A2,1,38
18.6087755102,0.415328798186,4,1,10,4,'4/4',D-7,A2,1,40
19.0241043084,0.434081632653,4,1,11,1,'4/4',D-7,A2,1,41
19.458185941,0.423174603175,4,1,11,2,'4/4',D-7,A2,1,45
19.8813605442,0.414172335601,4,1,11,3,'4/4',D-7,A2,1,47
20.2955328798,0.442857142857,4,1,11,4,'4/4',D-7,A2,1,37
20.7383900227,0.424217687075,4,1,12,1,'4/4',D-7,A2,1,50
21.1626077098,0.42306122449,4,1,12,2,'4/4',D-7,A2,1,48
21.5856689342,0.416507936508,4,1,12,3,'4/4',D-7,A2,1,38
22.0021768707,0.413333333333,4,1,12,4,'4/4',D-7,A2,1,36
22.4155102041,0.43387755102,4,1,13,1,'4/4',D-7,A2,1,38
22.8493877551,0.415827664399,4,1,13,2,'4/4',D-7,A2,1,36
23.2652154195,0.413287981859,4,1,13,3,'4/4',D-7,A2,1,35
23.6785034014,0.415714285714,4,1,13,4,'4/4',D-7,A2,1,33
24.0942176871,0.414081632653,4,1,14,1,'4/4',D-7,A2,1,38
24.5082993197,0.415578231293,4,1,14,2,'4/4',D-7,A2,1,40
24.923877551,0.43410430839,4,1,14,3,'4/4',D-7,A2,1,41
25.3579818594,0.413242630385,4,1,14,4,'4/4',D-7,A2,1,45
25.7712244898,0.425419501134,4,1,15,1,'4/4',D-7,A2,1,50
26.1966439909,0.414081632653,4,1,15,2,'4/4',D-7,A2,1,52
26.6107256236,0.423242630385,4,1,15,3,'4/4',D-7,A2,1,53
27.033968254,0.416553287982,4,1,15,4,'4/4',D-7,A2,1,37
27.450521542,0.422925170068,4,1,16,1,'4/4',D-7,A2,1,50
27.873446712,0.424126984127,4,1,16,2,'4/4',D-7,A2,1,37
28.2975736961,0.43306122449,4,1,16,3,'4/4',D-7,A2,1,48
28.7306349206,0.405759637188,4,1,16,4,'4/4',D-7,A2,1,50
29.1363945578,0.433945578231,4,1,17,1,'4/4',Eb-7,B1,1,37
29.5703401361,0.405691609977,4,1,17,2,'4/4',Eb-7,B1,1,47
29.976031746,0.414421768707,4,1,17,3,'4/4',Eb-7,B1,1,45
30.3904535147,0.423174603175,4,1,17,4,'4/4',Eb-7,B1,1,45
30.8136281179,0.433764172336,4,1,18,1,'4/4',Eb-7,B1,1,44
31.2473922902,0.415691609977,4,1,18,2,'4/4',Eb-7,B1,1,42
31.6630839002,0.441609977324,4,1,18,3,'4/4',Eb-7,B1,1,41
32.1046938776,0.415464852608,4,1,18,4,'4/4',Eb-7,B1,1,35
32.5201587302,0.423197278912,4,1,19,1,'4/4',Eb-7,B1,1,43
32.9433560091,0.407664399093,4,1,19,2,'4/4',Eb-7,B1,1,35
33.3510204082,0.432040816327,4,1,19,3,'4/4',Eb-7,B1,1,37
33.7830612245,0.396031746032,4,1,19,4,'4/4',Eb-7,B1,1,41
34.1790929705,0.405759637188,4,1,20,1,'4/4',Eb-7,B1,1,44
34.5848526077,0.414421768707,4,1,20,2,'4/4',Eb-7,B1,1,47
34.9992743764,0.415419501134,4,1,20,3,'4/4',Eb-7,B1,1,37
35.4146938776,0.413560090703,4,1,20,4,'4/4',Eb-7,B1,1,36
35.8282539683,0.433945578231,4,1,21,1,'4/4',Eb-7,B1,1,53
36.2621995465,0.405623582766,4,1,21,2,'4/4',Eb-7,B1,1,52
36.6678231293,0.415623582766,4,1,21,3,'4/4',Eb-7,B1,1,50
37.083446712,0.405804988662,4,1,21,4,'4/4',Eb-7,B1,1,47
37.4892517007,0.441473922902,4,1,22,1,'4/4',Eb-7,B1,1,45
37.9307256236,0.406009070295,4,1,22,2,'4/4',Eb-7,B1,1,45
38.3367346939,0.405646258503,4,1,22,3,'4/4',Eb-7,B1,1,44
38.7423809524,0.424217687075,4,1,22,4,'4/4',Eb-7,B1,1,42
39.1665986395,0.417074829932,4,1,23,1,'4/4',Eb-7,B1,1,41
39.5836734694,0.412562358277,4,1,23,2,'4/4',Eb-7,B1,1,35
39.9962358277,0.405714285714,4,1,23,3,'4/4',Eb-7,B1,1,43
40.4019501134,0.413492063492,4,1,23,4,'4/4',Eb-7,B1,1,35
40.8154421769,0.415419501134,4,1,24,1,'4/4',Eb-7,B1,1,36
41.230861678,0.416575963719,4,1,24,2,'4/4',Eb-7,B1,1,41
41.6474376417,0.423333333333,4,1,24,3,'4/4',Eb-7,B1,1,36
42.0707709751,0.423900226757,4,1,24,4,'4/4',Eb-7,B1,1,41
42.4946712018,0.413560090703,4,1,25,1,'4/4',D-7,A3,1,33
42.9082312925,0.425419501134,4,1,25,2,'4/4',D-7,A3,1,38
43.3336507937,0.424036281179,4,1,25,3,'4/4',D-7,A3,1,40
43.7576870748,0.435691609977,4,1,25,4,'4/4',D-7,A3,1,41
44.1933786848,0.438888888889,4,1,26,1,'4/4',D-7,A3,1,45
44.6322675737,0.415487528345,4,1,26,2,'4/4',D-7,A3,1,48
45.047755102,0.43387755102,4,1,26,3,'4/4',D-7,A3,1,37
45.4816326531,0.441632653061,4,1,26,4,'4/4',D-7,A3,1,52
45.9232653061,0.425124716553,4,1,27,1,'4/4',D-7,A3,1,53
46.3483900227,0.414399092971,4,1,27,2,'4/4',D-7,A3,1,52
46.7627891156,0.433197278912,4,1,27,3,'4/4',D-7,A3,1,36
47.1959863946,0.405555555556,4,1,27,4,'4/4',D-7,A3,1,37
47.6015419501,0.424058956916,4,1,28,1,'4/4',D-7,A3,1,50
48.025600907,0.423718820862,4,1,28,2,'4/4',D-7,A3,1,48
48.4493197279,0.423310657596,4,1,28,3,'4/4',D-7,A3,1,45
48.8726303855,0.41566893424,4,1,28,4,'4/4',D-7,A3,1,44
49.2882993197,0.41433106576,4,1,29,1,'4/4',D-7,A3,1,45
49.7026303855,0.398163265306,4,1,29,2,'4/4',D-7,A3,1,33
50.1007936508,0.441587301587,4,1,29,3,'4/4',D-7,A3,1,35
50.5423809524,0.415464852608,4,1,29,4,'4/4',D-7,A3,1,36
50.957845805,0.423174603175,4,1,30,1,'4/4',D-7,A3,1,38
51.3810204082,0.405646258503,4,1,30,2,'4/4',D-7,A3,1,40
51.7866666667,0.434172335601,4,1,30,3,'4/4',D-7,A3,1,41
52.2208390023,0.431655328798,4,1,30,4,'4/4',D-7,A3,1,33
52.6524943311,0.405691609977,4,1,31,1,'4/4',D-7,A3,1,38
53.058185941,0.432970521542,4,1,31,2,'4/4',D-7,A3,1,36
53.4911564626,0.405804988662,4,1,31,3,'4/4',D-7,A3,1,35
53.8969614512,0.416575963719,4,1,31,4,'4/4',D-7,A3,1,34
54.313537415,0.423015873016,4,1,32,1,'4/4',D-7,A3,1,33
54.736553288,0.405804988662,4,1,32,2,'4/4',D-7,A3,1,43
55.1423582766,0.404580498866,4,1,32,3,'4/4',D-7,A3,1,40
55.5469387755,0.428571428571,4,1,32,4,'4/4',D-7,A3,1,45
55.9755102041,0.402517006803,4,1,33,1,'4/4',D-7,A1,2,38
56.3780272109,0.404580498866,4,1,33,2,'4/4',D-7,A1,2,40
56.7826077098,0.425260770975,4,1,33,3,'4/4',D-7,A1,2,41
57.2078684807,0.431723356009,4,1,33,4,'4/4',D-7,A1,2,45
57.6395918367,0.433174603175,4,1,34,1,'4/4',D-7,A1,2,50
58.0727664399,0.425192743764,4,1,34,2,'4/4',D-7,A1,2,52
58.4979591837,0.414399092971,4,1,34,3,'4/4',D-7,A1,2,53
58.9123582766,0.433537414966,4,1,34,4,'4/4',D-7,A1,2,37
59.3458956916,0.432902494331,4,1,35,1,'4/4',D-7,A1,2,37
59.7787981859,0.437528344671,4,1,35,2,'4/4',D-7,A1,2,37
60.2163265306,0.438027210884,4,1,35,3,'4/4',D-7,A1,2,37
60.6543537415,0.425192743764,4,1,35,4,'4/4',D-7,A1,2,37
61.0795464853,0.431768707483,4,1,36,1,'4/4',D-7,A1,2,37
61.5113151927,0.43410430839,4,1,36,2,'4/4',D-7,A1,2,43
61.9454195011,0.426009070295,4,1,36,3,'4/4',D-7,A1,2,53
62.3714285714,0.430839002268,4,1,36,4,'4/4',D-7,A1,2,52
62.8022675737,0.452721088435,4,1,37,1,'4/4',D-7,A1,2,53
63.2549886621,0.404399092971,4,1,37,2,'4/4',D-7,A1,2,52
63.6593877551,0.432947845805,4,1,37,3,'4/4',D-7,A1,2,50
64.0923356009,0.425532879819,4,1,37,4,'4/4',D-7,A1,2,37
64.5178684807,0.414149659864,4,1,38,1,'4/4',D-7,A1,2,50
64.9320181406,0.433129251701,4,1,38,2,'4/4',D-7,A1,2,37
65.3651473923,0.424081632653,4,1,38,3,'4/4',D-7,A1,2,48
65.7892290249,0.415600907029,4,1,38,4,'4/4',D-7,A1,2,46
66.204829932,0.42410430839,4,1,39,1,'4/4',D-7,A1,2,45
66.6289342404,0.413287981859,4,1,39,2,'4/4',D-7,A1,2,43
67.0422222222,0.425464852608,4,1,39,3,'4/4',D-7,A1,2,41
67.4676870748,0.424195011338,4,1,39,4,'4/4',D-7,A1,2,40
67.8918820862,0.423106575964,4,1,40,1,'4/4',D-7,A1,2,38
68.3149886621,0.424081632653,4,1,40,2,'4/4',D-7,A1,2,36
68.7390702948,0.423265306122,4,1,40,3,'4/4',D-7,A1,2,35
69.1623356009,0.398027210884,4,1,40,4,'4/4',D-7,A1,2,33
69.5603628118,0.434081632653,4,1,41,1,'4/4',D-7,A2,2,38
69.9944444444,0.395918367347,4,1,41,2,'4/4',D-7,A2,2,50
70.3903628118,0.423265306122,4,1,41,3,'4/4',D-7,A2,2,48
70.8136281179,0.44156462585,4,1,41,4,'4/4',D-7,A2,2,46
71.2551927438,0.415351473923,4,1,42,1,'4/4',D-7,A2,2,45
71.6705442177,0.434036281179,4,1,42,2,'4/4',D-7,A2,2,43
72.1045804989,0.423174603175,4,1,42,3,'4/4',D-7,A2,2,41
72.527755102,0.424013605442,4,1,42,4,'4/4',D-7,A2,2,40
72.9517687075,0.433129251701,4,1,43,1,'4/4',D-7,A2,2,38
73.3848979592,0.443741496599,4,1,43,2,'4/4',D-7,A2,2,50
73.8286394558,0.422993197279,4,1,43,3,'4/4',D-7,A2,2,48
74.2516326531,0.434013605442,4,1,43,4,'4/4',D-7,A2,2,46
74.6856462585,0.414353741497,4,1,44,1,'4/4',D-7,A2,2,45
75.1,0.425306122449,4,1,44,2,'4/4',D-7,A2,2,43
75.5253061224,0.41335600907,4,1,44,3,'4/4',D-7,A2,2,41
75.9386621315,0.424149659864,4,1,44,4,'4/4',D-7,A2,2,40
76.3628117914,0.432947845805,4,1,45,1,'4/4',D-7,A2,2,38
76.7957596372,0.415714285714,4,1,45,2,'4/4',D-7,A2,2,40
77.2114739229,0.423650793651,4,1,45,3,'4/4',D-7,A2,2,41
77.6351247166,0.434149659864,4,1,45,4,'4/4',D-7,A2,2,45
78.0692743764,0.441405895692,4,1,46,1,'4/4',D-7,A2,2,45
78.5106802721,0.405646258503,4,1,46,2,'4/4',D-7,A2,2,48
78.9163265306,0.423922902494,4,1,46,3,'4/4',D-7,A2,2,37
79.3402494331,0.425464852608,4,1,46,4,'4/4',D-7,A2,2,50
79.7657142857,0.395850340136,4,1,47,1,'4/4',D-7,A2,2,53
80.1615646259,0.413492063492,4,1,47,2,'4/4',D-7,A2,2,53
80.5750566893,0.40566893424,4,1,47,3,'4/4',D-7,A2,2,52
80.9807256236,0.416712018141,4,1,47,4,'4/4',D-7,A2,2,37
81.3974376417,0.422993197279,4,1,48,1,'4/4',D-7,A2,2,50
81.820430839,0.424217687075,4,1,48,2,'4/4',D-7,A2,2,38
82.2446485261,0.415646258503,4,1,48,3,'4/4',D-7,A2,2,33
82.6602947846,0.43358276644,4,1,48,4,'4/4',D-7,A2,2,38
83.093877551,0.431020408163,4,1,49,1,'4/4',Eb-7,B1,2,37
83.5248979592,0.425555555556,4,1,49,2,'4/4',Eb-7,B1,2,41
83.9504535147,0.431541950113,4,1,49,3,'4/4',Eb-7,B1,2,42
84.3819954649,0.433922902494,4,1,49,4,'4/4',Eb-7,B1,2,43
84.8159183673,0.425396825397,4,1,50,1,'4/4',Eb-7,B1,2,44
85.2413151927,0.441292517007,4,1,50,2,'4/4',Eb-7,B1,2,45
85.6826077098,0.423424036281,4,1,50,3,'4/4',Eb-7,B1,2,47
86.106031746,0.416485260771,4,1,50,4,'4/4',Eb-7,B1,2,48
86.5225170068,0.432947845805,4,1,51,1,'4/4',Eb-7,B1,2,37
86.9554648526,0.433764172336,4,1,51,2,'4/4',Eb-7,B1,2,47
87.3892290249,0.441451247166,4,1,51,3,'4/4',Eb-7,B1,2,46
87.8306802721,0.432993197279,4,1,51,4,'4/4',Eb-7,B1,2,45
88.2636734694,0.433741496599,4,1,52,1,'4/4',Eb-7,B1,2,44
88.697414966,0.423378684807,4,1,52,2,'4/4',Eb-7,B1,2,42
89.1207936508,0.424149659864,4,1,52,3,'4/4',Eb-7,B1,2,41
89.5449433107,0.422403628118,4,1,52,4,'4/4',Eb-7,B1,2,35
89.9673469388,0.398684807256,4,1,53,1,'4/4',Eb-7,B1,2,43
90.366031746,0.414285714286,4,1,53,2,'4/4',Eb-7,B1,2,35
90.7803174603,0.442857142857,4,1,53,3,'4/4',Eb-7,B1,2,37
91.2231746032,0.413560090703,4,1,53,4,'4/4',Eb-7,B1,2,41
91.6367346939,0.401360544218,4,1,54,1,'4/4',Eb-7,B1,2,47
92.0380952381,0.401133786848,4,1,54,2,'4/4',Eb-7,B1,2,48
92.4392290249,0.415600907029,4,1,54,3,'4/4',Eb-7,B1,2,37
92.854829932,0.43380952381,4,1,54,4,'4/4',Eb-7,B1,2,50
93.2886394558,0.433174603175,4,1,55,1,'4/4',Eb-7,B1,2,53
93.721814059,0.405646258503,4,1,55,2,'4/4',Eb-7,B1,2,37
94.1274603175,0.424058956916,4,1,55,3,'4/4',Eb-7,B1,2,37
94.5515192744,0.428072562358,4,1,55,4,'4/4',Eb-7,B1,2,37
94.9795918367,0.401836734694,4,1,56,1,'4/4',Eb-7,B1,2,36
95.3814285714,0.433129251701,4,1,56,2,'4/4',Eb-7,B1,2,37
95.8145578231,0.39768707483,4,1,56,3,'4/4',Eb-7,B1,2,36
96.212244898,0.422426303855,4,1,56,4,'4/4',Eb-7,B1,2,36
96.6346712018,0.415487528345,4,1,57,1,'4/4',D-7,A3,2,36
97.0501587302,0.441609977324,4,1,57,2,'4/4',D-7,A3,2,43
97.4917687075,0.410272108844,4,1,57,3,'4/4',D-7,A3,2,53
97.9020408163,0.401247165533,4,1,57,4,'4/4',D-7,A3,2,52
98.3032879819,0.405804988662,4,1,58,1,'4/4',D-7,A3,2,50
98.7090929705,0.424036281179,4,1,58,2,'4/4',D-7,A3,2,37
99.1331292517,0.423219954649,4,1,58,3,'4/4',D-7,A3,2,48
99.5563492063,0.40566893424,4,1,58,4,'4/4',D-7,A3,2,45
99.9620181406,0.441451247166,4,1,59,1,'4/4',D-7,A3,2,44
100.403469388,0.425532879819,4,1,59,2,'4/4',D-7,A3,2,43
100.829002268,0.423832199546,4,1,59,3,'4/4',D-7,A3,2,41
101.252834467,0.423945578231,4,1,59,4,'4/4',D-7,A3,2,40
101.676780045,0.44283446712,4,1,60,1,'4/4',D-7,A3,2,38
102.119614512,0.405646258503,4,1,60,2,'4/4',D-7,A3,2,36
102.525260771,0.441587301587,4,1,60,3,'4/4',D-7,A3,2,35
102.966848073,0.416530612245,4,1,60,4,'4/4',D-7,A3,2,34
103.383378685,0.423083900227,4,1,61,1,'4/4',D-7,A3,2,33
103.806462585,0.441587301587,4,1,61,2,'4/4',D-7,A3,2,43
104.248049887,0.425487528345,4,1,61,3,'4/4',D-7,A3,2,40
104.673537415,0.414263038549,4,1,61,4,'4/4',D-7,A3,2,45
105.087800454,0.423219954649,4,1,62,1,'4/4',D-7,A3,2,40
105.511020408,0.42537414966,4,1,62,2,'4/4',D-7,A3,2,43
105.936394558,0.41410430839,4,1,62,3,'4/4',D-7,A3,2,45
106.350498866,0.43387755102,4,1,62,4,'4/4',D-7,A3,2,33
106.784376417,0.433129251701,4,1,63,1,'4/4',D-7,A3,2,38
107.217505669,0.414240362812,4,1,63,2,'4/4',D-7,A3,2,36
107.631746032,0.442698412698,4,1,63,3,'4/4',D-7,A3,2,36
108.074444444,0.414512471655,4,1,63,4,'4/4',D-7,A3,2,35
108.488956916,0.405736961451,4,1,64,1,'4/4',D-7,A3,2,33
108.894693878,0.415600907029,4,1,64,2,'4/4',D-7,A3,2,35
109.310294785,0.432857142857,4,1,64,3,'4/4',D-7,A3,2,36
109.743151927,0.432857142857,4,1,64,4,'4/4',D-7,A3,2,37
