onset,duration,period,division,bar,beat,signature,chord,form,chorus_id,bass
3.18029478458,0.250839002268,4,1,-1,1,'4/4',NC,I1,0,47
3.43113378685,0.250839002268,4,1,-1,2,'4/4',NC,I1,0,42
3.68197278912,0.244727891156,4,1,-1,3,'4/4',NC,I1,0,43
3.92670068027,0.244727891156,4,1,-1,4,'4/4',NC,I1,0,42
4.17142857143,0.239467120181,4,1,0,1,'4/4',NC,I1,0,34
4.41089569161,0.239467120181,4,1,0,2,'4/4',NC,I1,0,47
4.65036281179,0.243095238095,4,1,0,3,'4/4',NC,I1,0,43
4.89345804989,0.243095238095,4,1,0,4,'4/4',NC,I1,0,42
5.13655328798,0.23843537415,4,1,1,1,'4/4',Bb6,A1,1,42
5.37498866213,0.23843537415,4,1,1,2,'4/4',Bb6,A1,1,47
5.61342403628,0.250181405896,4,1,1,3,'4/4',G-7,A1,1,43
5.86360544218,0.250181405896,4,1,1,4,'4/4',G-7,A1,1,43
6.11378684807,0.255702947846,4,1,2,1,'4/4',C-7,A1,1,43
6.36948979592,0.255702947846,4,1,2,2,'4/4',C-7,A1,1,47
6.62519274376,0.245975056689,4,1,2,3,'4/4',F7,A1,1,36
6.87116780045,0.245975056689,4,1,2,4,'4/4',F7,A1,1,47
7.11714285714,0.250702947846,4,1,3,1,'4/4',Bb6,A1,1,47
7.36784580499,0.250702947846,4,1,3,2,'4/4',Bb6,A1,1,47
7.61854875283,0.238287981859,4,1,3,3,'4/4',G-7,A1,1,43
7.85683673469,0.238287981859,4,1,3,4,'4/4',G-7,A1,1,43
8.09512471655,0.248027210884,4,1,4,1,'4/4',C-7,A1,1,43
8.34315192744,0.248027210884,4,1,4,2,'4/4',C-7,A1,1,43
8.59117913832,0.250839002268,4,1,4,3,'4/4',F7,A1,1,42
8.84201814059,0.250839002268,4,1,4,4,'4/4',F7,A1,1,47
9.09285714286,0.24089569161,4,1,5,1,'4/4',Bb6,A1,1,47
9.33375283447,0.24089569161,4,1,5,2,'4/4',Bb6,A1,1,47
9.57464852608,0.252959183673,4,1,5,3,'4/4',Bb7,A1,1,50
9.82760770975,0.252959183673,4,1,5,4,'4/4',Bb7,A1,1,42
10.0805668934,0.240952380952,4,1,6,1,'4/4',Eb6,A1,1,39
10.3215192744,0.240952380952,4,1,6,2,'4/4',Eb6,A1,1,40
10.5624716553,0.245963718821,4,1,6,3,'4/4',Eo7,A1,1,42
10.8084353741,0.245963718821,4,1,6,4,'4/4',Eo7,A1,1,48
11.054399093,0.248038548753,4,1,7,1,'4/4',Bb6,A1,1,47
11.3024376417,0.248038548753,4,1,7,2,'4/4',Bb6,A1,1,47
11.5504761905,0.241009070295,4,1,7,3,'4/4',F7,A1,1,42
11.7914852608,0.241009070295,4,1,7,4,'4/4',F7,A1,1,40
12.0324943311,0.241530612245,4,1,8,1,'4/4',Bb6,A1,1,42
12.2740249433,0.241530612245,4,1,8,2,'4/4',Bb6,A1,1,42
12.5155555556,0.2470861678,4,1,8,3,'4/4',Bb6,A1,1,41
12.7626417234,0.2470861678,4,1,8,4,'4/4',Bb6,A1,1,42
13.0097278912,0.240532879819,4,1,9,1,'4/4',Bb6,A2,1,42
13.250260771,0.240532879819,4,1,9,2,'4/4',Bb6,A2,1,37
13.4907936508,0.255623582766,4,1,9,3,'4/4',G-7,A2,1,47
13.7464172336,0.255623582766,4,1,9,4,'4/4',G-7,A2,1,43
14.0020408163,0.251020408163,4,1,10,1,'4/4',C-7,A2,1,42
14.2530612245,0.251020408163,4,1,10,2,'4/4',C-7,A2,1,47
14.5040816327,0.25798185941,4,1,10,3,'4/4',F7,A2,1,43
14.7620634921,0.25798185941,4,1,10,4,'4/4',F7,A2,1,42
15.0200453515,0.250861678005,4,1,11,1,'4/4',Bb6,A2,1,42
15.2709070295,0.250861678005,4,1,11,2,'4/4',Bb6,A2,1,46
15.5217687075,0.238231292517,4,1,11,3,'4/4',G-7,A2,1,42
15.76,0.238231292517,4,1,11,4,'4/4',G-7,A2,1,42
15.9982312925,0.245884353741,4,1,12,1,'4/4',C-7,A2,1,42
16.2441156463,0.245884353741,4,1,12,2,'4/4',C-7,A2,1,40
16.49,0.25574829932,4,1,12,3,'4/4',F7,A2,1,41
16.7457482993,0.25574829932,4,1,12,4,'4/4',F7,A2,1,48
17.0014965986,0.24798185941,4,1,13,1,'4/4',Bb6,A2,1,46
17.249478458,0.24798185941,4,1,13,2,'4/4',Bb6,A2,1,43
17.4974603175,0.250827664399,4,1,13,3,'4/4',Bb7,A2,1,43
17.7482879819,0.250827664399,4,1,13,4,'4/4',Bb7,A2,1,41
17.9991156463,0.245918367347,4,1,14,1,'4/4',Eb6,A2,1,39
18.2450340136,0.245918367347,4,1,14,2,'4/4',Eb6,A2,1,39
18.490952381,0.246360544218,4,1,14,3,'4/4',Eo7,A2,1,42
18.7373129252,0.246360544218,4,1,14,4,'4/4',Eo7,A2,1,49
18.9836734694,0.237551020408,4,1,15,1,'4/4',Bb6,A2,1,46
19.2212244898,0.237551020408,4,1,15,2,'4/4',Bb6,A2,1,47
19.4587755102,0.252959183673,4,1,15,3,'4/4',F7,A2,1,47
19.7117346939,0.252959183673,4,1,15,4,'4/4',F7,A2,1,47
19.9646938776,0.240997732426,4,1,16,1,'4/4',Bb6,A2,1,42
20.20569161,0.240997732426,4,1,16,2,'4/4',Bb6,A2,1,42
20.4466893424,0.238174603175,4,1,16,3,'4/4',Bb6,A2,1,41
20.6848639456,0.238174603175,4,1,16,4,'4/4',Bb6,A2,1,47
20.9230385488,0.250736961451,4,1,17,1,'4/4',D7,B1,1,44
21.1737755102,0.250736961451,4,1,17,2,'4/4',D7,B1,1,50
21.4245124717,0.248049886621,4,1,17,3,'4/4',D7,B1,1,47
21.6725623583,0.248049886621,4,1,17,4,'4/4',D7,B1,1,47
21.9206122449,0.250714285714,4,1,18,1,'4/4',D7,B1,1,42
22.1713265306,0.250714285714,4,1,18,2,'4/4',D7,B1,1,42
22.4220408163,0.242040816327,4,1,18,3,'4/4',D7,B1,1,40
22.6640816327,0.242040816327,4,1,18,4,'4/4',D7,B1,1,43
22.906122449,0.237278911565,4,1,19,1,'4/4',G7,B1,1,43
23.1434013605,0.237278911565,4,1,19,2,'4/4',G7,B1,1,43
23.3806802721,0.247619047619,4,1,19,3,'4/4',G7,B1,1,38
23.6282993197,0.247619047619,4,1,19,4,'4/4',G7,B1,1,47
23.8759183673,0.238004535147,4,1,20,1,'4/4',G7,B1,1,43
24.1139229025,0.238004535147,4,1,20,2,'4/4',G7,B1,1,42
24.3519274376,0.25380952381,4,1,20,3,'4/4',G7,B1,1,40
24.6057369615,0.25380952381,4,1,20,4,'4/4',G7,B1,1,43
24.8595464853,0.243401360544,4,1,21,1,'4/4',C7,B1,1,43
25.1029478458,0.243401360544,4,1,21,2,'4/4',C7,B1,1,43
25.3463492063,0.250612244898,4,1,21,3,'4/4',C7,B1,1,47
25.5969614512,0.250612244898,4,1,21,4,'4/4',C7,B1,1,42
25.8475736961,0.245952380952,4,1,22,1,'4/4',C7,B1,1,43
26.0935260771,0.245952380952,4,1,22,2,'4/4',C7,B1,1,42
26.339478458,0.238174603175,4,1,22,3,'4/4',C7,B1,1,41
26.5776530612,0.238174603175,4,1,22,4,'4/4',C7,B1,1,35
26.8158276644,0.245884353741,4,1,23,1,'4/4',F7,B1,1,41
27.0617120181,0.245884353741,4,1,23,2,'4/4',F7,B1,1,42
27.3075963719,0.243140589569,4,1,23,3,'4/4',F7,B1,1,43
27.5507369615,0.243140589569,4,1,23,4,'4/4',F7,B1,1,43
27.793877551,0.243231292517,4,1,24,1,'4/4',F7,B1,1,42
28.0371088435,0.243231292517,4,1,24,2,'4/4',F7,B1,1,48
28.2803401361,0.240918367347,4,1,24,3,'4/4',F7,B1,1,42
28.5212585034,0.240918367347,4,1,24,4,'4/4',F7,B1,1,42
28.7621768707,0.250816326531,4,1,25,1,'4/4',Bb6,A3,1,34
29.0129931973,0.250816326531,4,1,25,2,'4/4',Bb6,A3,1,47
29.2638095238,0.247607709751,4,1,25,3,'4/4',G-7,A3,1,43
29.5114172336,0.247607709751,4,1,25,4,'4/4',G-7,A3,1,43
29.7590249433,0.238854875283,4,1,26,1,'4/4',C-7,A3,1,42
29.9978798186,0.238854875283,4,1,26,2,'4/4',C-7,A3,1,43
30.2367346939,0.250204081633,4,1,26,3,'4/4',F7,A3,1,43
30.4869387755,0.250204081633,4,1,26,4,'4/4',F7,A3,1,42
30.7371428571,0.24589569161,4,1,27,1,'4/4',Bb6,A3,1,43
30.9830385488,0.24589569161,4,1,27,2,'4/4',Bb6,A3,1,47
31.2289342404,0.245907029478,4,1,27,3,'4/4',G-7,A3,1,47
31.4748412698,0.245907029478,4,1,27,4,'4/4',G-7,A3,1,43
31.7207482993,0.248049886621,4,1,28,1,'4/4',C-7,A3,1,43
31.9687981859,0.248049886621,4,1,28,2,'4/4',C-7,A3,1,47
32.2168480726,0.245907029478,4,1,28,3,'4/4',F7,A3,1,42
32.462755102,0.245907029478,4,1,28,4,'4/4',F7,A3,1,47
32.7086621315,0.255691609977,4,1,29,1,'4/4',Bb6,A3,1,46
32.9643537415,0.255691609977,4,1,29,2,'4/4',Bb6,A3,1,47
33.2200453515,0.24806122449,4,1,29,3,'4/4',Bb7,A3,1,38
33.468106576,0.24806122449,4,1,29,4,'4/4',Bb7,A3,1,42
33.7161678005,0.252120181406,4,1,30,1,'4/4',Eb6,A3,1,39
33.9682879819,0.252120181406,4,1,30,2,'4/4',Eb6,A3,1,43
34.2204081633,0.238004535147,4,1,30,3,'4/4',Eo7,A3,1,40
34.4584126984,0.238004535147,4,1,30,4,'4/4',Eo7,A3,1,40
34.6964172336,0.246712018141,4,1,31,1,'4/4',Bb6,A3,1,42
34.9431292517,0.246712018141,4,1,31,2,'4/4',Bb6,A3,1,43
35.1898412698,0.255419501134,4,1,31,3,'4/4',F7,A3,1,41
35.445260771,0.255419501134,4,1,31,4,'4/4',F7,A3,1,39
35.7006802721,0.248707482993,4,1,32,1,'4/4',Bb6,A3,1,38
35.9493877551,0.248707482993,4,1,32,2,'4/4',Bb6,A3,1,46
36.1980952381,0.245997732426,4,1,32,3,'4/4',Bb6,A3,1,41
36.4440929705,0.245997732426,4,1,32,4,'4/4',Bb6,A3,1,40
36.6900907029,0.238219954649,4,1,33,1,'4/4',Bb6,A1,2,37
36.9283106576,0.238219954649,4,1,33,2,'4/4',Bb6,A1,2,40
37.1665306122,0.243083900227,4,1,33,3,'4/4',G-7,A1,2,47
37.4096145125,0.243083900227,4,1,33,4,'4/4',G-7,A1,2,47
37.6526984127,0.255736961451,4,1,34,1,'4/4',C-7,A1,2,47
37.9084353741,0.255736961451,4,1,34,2,'4/4',C-7,A1,2,47
38.1641723356,0.241054421769,4,1,34,3,'4/4',F7,A1,2,41
38.4052267574,0.241054421769,4,1,34,4,'4/4',F7,A1,2,41
38.6462811791,0.252879818594,4,1,35,1,'4/4',Bb6,A1,2,41
38.8991609977,0.252879818594,4,1,35,2,'4/4',Bb6,A1,2,47
39.1520408163,0.250850340136,4,1,35,3,'4/4',G-7,A1,2,43
39.4028911565,0.250850340136,4,1,35,4,'4/4',G-7,A1,2,37
39.6537414966,0.24089569161,4,1,36,1,'4/4',C-7,A1,2,47
39.8946371882,0.24089569161,4,1,36,2,'4/4',C-7,A1,2,47
40.1355328798,0.250861678005,4,1,36,3,'4/4',F7,A1,2,47
40.3863945578,0.250861678005,4,1,36,4,'4/4',F7,A1,2,42
40.6372562358,0.242653061224,4,1,37,1,'4/4',Bb6,A1,2,46
40.8799092971,0.242653061224,4,1,37,2,'4/4',Bb6,A1,2,48
41.1225623583,0.245941043084,4,1,37,3,'4/4',Bb7,A1,2,47
41.3685034014,0.245941043084,4,1,37,4,'4/4',Bb7,A1,2,42
41.6144444444,0.255714285714,4,1,38,1,'4/4',Eb6,A1,2,39
41.8701587302,0.255714285714,4,1,38,2,'4/4',Eb6,A1,2,43
42.1258730159,0.243174603175,4,1,38,3,'4/4',Eo7,A1,2,43
42.369047619,0.243174603175,4,1,38,4,'4/4',Eo7,A1,2,47
42.6122222222,0.238231292517,4,1,39,1,'4/4',Bb6,A1,2,47
42.8504535147,0.238231292517,4,1,39,2,'4/4',Bb6,A1,2,41
43.0886848073,0.245850340136,4,1,39,3,'4/4',F7,A1,2,43
43.3345351474,0.245850340136,4,1,39,4,'4/4',F7,A1,2,42
43.5803854875,0.238265306122,4,1,40,1,'4/4',Bb6,A1,2,47
43.8186507937,0.238265306122,4,1,40,2,'4/4',Bb6,A1,2,47
44.0569160998,0.255770975057,4,1,40,3,'4/4',Bb6,A1,2,40
44.3126870748,0.255770975057,4,1,40,4,'4/4',Bb6,A1,2,42
44.5684580499,0.245873015873,4,1,41,1,'4/4',Bb6,A2,2,47
44.8143310658,0.245873015873,4,1,41,2,'4/4',Bb6,A2,2,47
45.0602040816,0.24798185941,4,1,41,3,'4/4',G-7,A2,2,47
45.308185941,0.24798185941,4,1,41,4,'4/4',G-7,A2,2,47
45.5561678005,0.245997732426,4,1,42,1,'4/4',C-7,A2,2,42
45.8021655329,0.245997732426,4,1,42,2,'4/4',C-7,A2,2,40
46.0481632653,0.24537414966,4,1,42,3,'4/4',F7,A2,2,42
46.293537415,0.24537414966,4,1,42,4,'4/4',F7,A2,2,47
46.5389115646,0.252993197279,4,1,43,1,'4/4',Bb6,A2,2,46
46.7919047619,0.252993197279,4,1,43,2,'4/4',Bb6,A2,2,47
47.0448979592,0.245827664399,4,1,43,3,'4/4',G-7,A2,2,47
47.2907256236,0.245827664399,4,1,43,4,'4/4',G-7,A2,2,35
47.536553288,0.255782312925,4,1,44,1,'4/4',C-7,A2,2,42
47.7923356009,0.255782312925,4,1,44,2,'4/4',C-7,A2,2,42
48.0481179138,0.240975056689,4,1,44,3,'4/4',F7,A2,2,42
48.2890929705,0.240975056689,4,1,44,4,'4/4',F7,A2,2,47
48.5300680272,0.238287981859,4,1,45,1,'4/4',Bb6,A2,2,47
48.7683560091,0.238287981859,4,1,45,2,'4/4',Bb6,A2,2,42
49.0066439909,0.250759637188,4,1,45,3,'4/4',Bb7,A2,2,43
49.2574036281,0.250759637188,4,1,45,4,'4/4',Bb7,A2,2,42
49.5081632653,0.238095238095,4,1,46,1,'4/4',Eb6,A2,2,39
49.7462585034,0.238095238095,4,1,46,2,'4/4',Eb6,A2,2,39
49.9843537415,0.243140589569,4,1,46,3,'4/4',Eo7,A2,2,42
50.2274943311,0.243140589569,4,1,46,4,'4/4',Eo7,A2,2,48
50.4706349206,0.24858276644,4,1,47,1,'4/4',Bb6,A2,2,41
50.7192176871,0.24858276644,4,1,47,2,'4/4',Bb6,A2,2,47
50.9678004535,0.250283446712,4,1,47,3,'4/4',F7,A2,2,41
51.2180839002,0.250283446712,4,1,47,4,'4/4',F7,A2,2,40
51.4683673469,0.252551020408,4,1,48,1,'4/4',Bb6,A2,2,43
51.7209183673,0.252551020408,4,1,48,2,'4/4',Bb6,A2,2,42
51.9734693878,0.244002267574,4,1,48,3,'4/4',Bb6,A2,2,41
52.2174716553,0.244002267574,4,1,48,4,'4/4',Bb6,A2,2,42
52.4614739229,0.250839002268,4,1,49,1,'4/4',D7,B1,2,43
52.7123129252,0.250839002268,4,1,49,2,'4/4',D7,B1,2,43
52.9631519274,0.245839002268,4,1,49,3,'4/4',D7,B1,2,47
53.2089909297,0.245839002268,4,1,49,4,'4/4',D7,B1,2,43
53.454829932,0.253004535147,4,1,50,1,'4/4',D7,B1,2,47
53.7078344671,0.253004535147,4,1,50,2,'4/4',D7,B1,2,37
53.9608390023,0.250691609977,4,1,50,3,'4/4',D7,B1,2,38
54.2115306122,0.250691609977,4,1,50,4,'4/4',D7,B1,2,43
54.4622222222,0.245907029478,4,1,51,1,'4/4',G7,B1,2,43
54.7081292517,0.245907029478,4,1,51,2,'4/4',G7,B1,2,43
54.9540362812,0.250827664399,4,1,51,3,'4/4',G7,B1,2,42
55.2048639456,0.250827664399,4,1,51,4,'4/4',G7,B1,2,47
55.45569161,0.243140589569,4,1,52,1,'4/4',G7,B1,2,47
55.6988321995,0.243140589569,4,1,52,2,'4/4',G7,B1,2,47
55.9419727891,0.245873015873,4,1,52,3,'4/4',G7,B1,2,47
56.187845805,0.245873015873,4,1,52,4,'4/4',G7,B1,2,43
56.4337188209,0.233390022676,4,1,53,1,'4/4',C7,B1,2,43
56.6671088435,0.233390022676,4,1,53,2,'4/4',C7,B1,2,43
56.9004988662,0.244535147392,4,1,53,3,'4/4',C7,B1,2,43
57.1450340136,0.244535147392,4,1,53,4,'4/4',C7,B1,2,36
57.389569161,0.239433106576,4,1,54,1,'4/4',C7,B1,2,48
57.6290022676,0.239433106576,4,1,54,2,'4/4',C7,B1,2,47
57.8684353741,0.237845804989,4,1,54,3,'4/4',C7,B1,2,47
58.1062811791,0.237845804989,4,1,54,4,'4/4',C7,B1,2,43
58.3441269841,0.248469387755,4,1,55,1,'4/4',F7,B1,2,43
58.5925963719,0.248469387755,4,1,55,2,'4/4',F7,B1,2,40
58.8410657596,0.25089569161,4,1,55,3,'4/4',F7,B1,2,42
59.0919614512,0.25089569161,4,1,55,4,'4/4',F7,B1,2,47
59.3428571429,0.245306122449,4,1,56,1,'4/4',F7,B1,2,42
59.5881632653,0.245306122449,4,1,56,2,'4/4',F7,B1,2,40
59.8334693878,0.251179138322,4,1,56,3,'4/4',F7,B1,2,47
60.0846485261,0.251179138322,4,1,56,4,'4/4',F7,B1,2,47
60.3358276644,0.247607709751,4,1,57,1,'4/4',Bb6,A3,2,46
60.5834353741,0.247607709751,4,1,57,2,'4/4',Bb6,A3,2,47
60.8310430839,0.246723356009,4,1,57,3,'4/4',G-7,A3,2,43
61.0777664399,0.246723356009,4,1,57,4,'4/4',G-7,A3,2,47
61.3244897959,0.244920634921,4,1,58,1,'4/4',C-7,A3,2,42
61.5694104308,0.244920634921,4,1,58,2,'4/4',C-7,A3,2,40
61.8143310658,0.255714285714,4,1,58,3,'4/4',F7,A3,2,42
62.0700453515,0.255714285714,4,1,58,4,'4/4',F7,A3,2,47
62.3257596372,0.243095238095,4,1,59,1,'4/4',Bb6,A3,2,47
62.5688548753,0.243095238095,4,1,59,2,'4/4',Bb6,A3,2,47
62.8119501134,0.255793650794,4,1,59,3,'4/4',G-7,A3,2,42
63.0677437642,0.255793650794,4,1,59,4,'4/4',G-7,A3,2,47
63.323537415,0.255736961451,4,1,60,1,'4/4',C-7,A3,2,48
63.5792743764,0.255736961451,4,1,60,2,'4/4',C-7,A3,2,47
63.8350113379,0.238185941043,4,1,60,3,'4/4',F7,A3,2,41
64.0731972789,0.238185941043,4,1,60,4,'4/4',F7,A3,2,47
64.31138322,0.250827664399,4,1,61,1,'4/4',Bb6,A3,2,47
64.5622108844,0.250827664399,4,1,61,2,'4/4',Bb6,A3,2,47
64.8130385488,0.250623582766,4,1,61,3,'4/4',Bb7,A3,2,39
65.0636621315,0.250623582766,4,1,61,4,'4/4',Bb7,A3,2,38
65.3142857143,0.24843537415,4,1,62,1,'4/4',Eb7,A3,2,39
65.5627210884,0.24843537415,4,1,62,2,'4/4',Eb7,A3,2,39
65.8111564626,0.253117913832,4,1,62,3,'4/4',Eo7,A3,2,40
66.0642743764,0.253117913832,4,1,62,4,'4/4',Eo7,A3,2,48
66.3173922902,0.243185941043,4,1,63,1,'4/4',Bb6,A3,2,40
66.5605782313,0.243185941043,4,1,63,2,'4/4',Bb6,A3,2,42
66.8037641723,0.250782312925,4,1,63,3,'4/4',F7,A3,2,43
67.0545464853,0.250782312925,4,1,63,4,'4/4',F7,A3,2,42
67.3053287982,0.241213151927,4,1,64,1,'4/4',Bb6,A3,2,34
67.5465419501,0.241213151927,4,1,64,2,'4/4',Bb6,A3,2,35
67.787755102,0.247324263039,4,1,64,3,'4/4',Bb6,A3,2,42
68.0350793651,0.247324263039,4,1,64,4,'4/4',Bb6,A3,2,43
68.2824036281,0.238390022676,4,1,65,1,'4/4',Bb6,A1,3,42
68.5207936508,0.238390022676,4,1,65,2,'4/4',Bb6,A1,3,47
68.7591836735,0.238390022676,4,1,65,3,'4/4',Bb6,A1,3,42
68.9975736961,0.238390022676,4,1,65,4,'4/4',Bb6,A1,3,43
