onset,duration,period,division,bar,beat,signature,chord,form,chorus_id,bass
3.26897959184,0.371371882086,4,1,0,3,'4/4',NC,I1,0,45
3.64035147392,0.371371882086,4,1,0,4,'4/4',NC,I1,0,33
4.01172335601,0.340124716553,4,1,1,1,'4/4',Dj7,A1,1,38
4.35184807256,0.340124716553,4,1,1,2,'4/4',Dj7,A1,1,38
4.69197278912,0.355975056689,4,1,1,3,'4/4',Dj7,A1,1,45
5.0479478458,0.355975056689,4,1,1,4,'4/4',Dj7,A1,1,38
5.40392290249,0.359206349206,4,1,2,1,'4/4',Dj7,A1,1,38
5.7631292517,0.359206349206,4,1,2,2,'4/4',Dj7,A1,1,38
6.12233560091,0.364546485261,4,1,2,3,'4/4',Dj7,A1,1,45
6.48688208617,0.364546485261,4,1,2,4,'4/4',Dj7,A1,1,38
6.85142857143,0.372267573696,4,1,3,1,'4/4',Ebj7,A1,1,39
7.22369614512,0.372267573696,4,1,3,2,'4/4',Ebj7,A1,1,39
7.59596371882,0.366428571429,4,1,3,3,'4/4',Ebj7,A1,1,39
7.96239229025,0.366428571429,4,1,3,4,'4/4',Ebj7,A1,1,46
8.32882086168,0.350192743764,4,1,4,1,'4/4',Ebj7,A1,1,39
8.67901360544,0.350192743764,4,1,4,2,'4/4',Ebj7,A1,1,39
9.02920634921,0.33641723356,4,1,4,3,'4/4',Ebj7,A1,1,39
9.36562358277,0.33641723356,4,1,4,4,'4/4',Ebj7,A1,1,46
9.70204081633,0.342857142857,4,1,5,1,'4/4',F7,A1,1,45
10.0448979592,0.342857142857,4,1,5,2,'4/4',F7,A1,1,45
10.387755102,0.357528344671,4,1,5,3,'4/4',F7,A1,1,45
10.7452834467,0.357528344671,4,1,5,4,'4/4',F7,A1,1,43
11.1028117914,0.340045351474,4,1,6,1,'4/4',F7,A1,1,41
11.4428571429,0.340045351474,4,1,6,2,'4/4',F7,A1,1,41
11.7829024943,0.349739229025,4,1,6,3,'4/4',F7,A1,1,41
12.1326417234,0.349739229025,4,1,6,4,'4/4',F7,A1,1,43
12.4823809524,0.339353741497,4,1,7,1,'4/4',Bbj7,A1,1,46
12.8217346939,0.339353741497,4,1,7,2,'4/4',Bbj7,A1,1,45
13.1610884354,0.364716553288,4,1,7,3,'4/4',Bbj7,A1,1,38
13.5258049887,0.364716553288,4,1,7,4,'4/4',Bbj7,A1,1,43
13.890521542,0.344535147392,4,1,8,1,'4/4',Bbj7,A1,1,41
14.2350566893,0.344535147392,4,1,8,2,'4/4',Bbj7,A1,1,40
14.5795918367,0.353696145125,4,1,8,3,'4/4',Bbj7,A1,1,40
14.9332879819,0.353696145125,4,1,8,4,'4/4',Bbj7,A1,1,43
15.286984127,0.365476190476,4,1,9,1,'4/4',A-7,A1,1,45
15.6524603175,0.365476190476,4,1,9,2,'4/4',A-7,A1,1,45
16.0179365079,0.346462585034,4,1,9,3,'4/4',A-7,A1,1,45
16.364399093,0.346462585034,4,1,9,4,'4/4',A-7,A1,1,38
16.710861678,0.332777777778,4,1,10,1,'4/4',D7,A1,1,38
17.0436394558,0.332777777778,4,1,10,2,'4/4',D7,A1,1,38
17.3764172336,0.352188208617,4,1,10,3,'4/4',D7,A1,1,38
17.7286054422,0.352188208617,4,1,10,4,'4/4',D7,A1,1,45
18.0807936508,0.359455782313,4,1,11,1,'4/4',Gj7,A1,1,43
18.4402494331,0.359455782313,4,1,11,2,'4/4',Gj7,A1,1,43
18.7997052154,0.341632653061,4,1,11,3,'4/4',Gj7,A1,1,38
19.1413378685,0.341632653061,4,1,11,4,'4/4',Gj7,A1,1,43
19.4829705215,0.363129251701,4,1,12,1,'4/4',Gj7,A1,1,50
19.8460997732,0.363129251701,4,1,12,2,'4/4',Gj7,A1,1,38
20.2092290249,0.346530612245,4,1,12,3,'4/4',Gj7,A1,1,50
20.5557596372,0.346530612245,4,1,12,4,'4/4',Gj7,A1,1,52
20.9022902494,0.348752834467,4,1,13,1,'4/4',B-7,A1,1,50
21.2510430839,0.348752834467,4,1,13,2,'4/4',B-7,A1,1,38
21.5997959184,0.356349206349,4,1,13,3,'4/4',B-7,A1,1,38
21.9561451247,0.356349206349,4,1,13,4,'4/4',B-7,A1,1,38
22.3124943311,0.334274376417,4,1,14,1,'4/4',E7,A1,1,50
22.6467687075,0.334274376417,4,1,14,2,'4/4',E7,A1,1,38
22.9810430839,0.375646258503,4,1,14,3,'4/4',E7,A1,1,38
23.3566893424,0.375646258503,4,1,14,4,'4/4',E7,A1,1,38
23.7323356009,0.332448979592,4,1,15,1,'4/4',F-7,A1,1,50
24.0647845805,0.332448979592,4,1,15,2,'4/4',F-7,A1,1,38
24.3972335601,0.353934240363,4,1,15,3,'4/4',Bb7,A1,1,38
24.7511678005,0.353934240363,4,1,15,4,'4/4',Bb7,A1,1,52
25.1051020408,0.361768707483,4,1,16,1,'4/4',E-7,A1,1,52
25.4668707483,0.361768707483,4,1,16,2,'4/4',E-7,A1,1,45
25.8286394558,0.35887755102,4,1,16,3,'4/4',A7,A1,1,45
26.1875170068,0.35887755102,4,1,16,4,'4/4',A7,A1,1,33
26.5463945578,0.353015873016,4,1,17,1,'4/4',Dj7,B1,1,38
26.8994104308,0.353015873016,4,1,17,2,'4/4',Dj7,B1,1,50
27.2524263039,0.355907029478,4,1,17,3,'4/4',Dj7,B1,1,38
27.6083333333,0.355907029478,4,1,17,4,'4/4',Dj7,B1,1,38
27.9642403628,0.344410430839,4,1,18,1,'4/4',Dj7,B1,1,38
28.3086507937,0.344410430839,4,1,18,2,'4/4',Dj7,B1,1,38
28.6530612245,0.365181405896,4,1,18,3,'4/4',Dj7,B1,1,38
29.0182426304,0.365181405896,4,1,18,4,'4/4',Dj7,B1,1,38
29.3834240363,0.378866213152,4,1,19,1,'4/4',Ebj7,B1,1,45
29.7622902494,0.378866213152,4,1,19,2,'4/4',Ebj7,B1,1,46
30.1411564626,0.352743764172,4,1,19,3,'4/4',Ebj7,B1,1,40
30.4939002268,0.352743764172,4,1,19,4,'4/4',Ebj7,B1,1,43
30.8466439909,0.354750566893,4,1,20,1,'4/4',Ebj7,B1,1,52
31.2013945578,0.354750566893,4,1,20,2,'4/4',Ebj7,B1,1,40
31.5561451247,0.364784580499,4,1,20,3,'4/4',Ebj7,B1,1,40
31.9209297052,0.364784580499,4,1,20,4,'4/4',Ebj7,B1,1,52
32.2857142857,0.338378684807,4,1,21,1,'4/4',F7,B1,1,37
32.6240929705,0.338378684807,4,1,21,2,'4/4',F7,B1,1,40
32.9624716553,0.369784580499,4,1,21,3,'4/4',F7,B1,1,41
33.3322562358,0.369784580499,4,1,21,4,'4/4',F7,B1,1,37
33.7020408163,0.362369614512,4,1,22,1,'4/4',F7,B1,1,37
34.0644104308,0.362369614512,4,1,22,2,'4/4',F7,B1,1,48
34.4267800454,0.355170068027,4,1,22,3,'4/4',F7,B1,1,41
34.7819501134,0.355170068027,4,1,22,4,'4/4',F7,B1,1,37
35.1371201814,0.341712018141,4,1,23,1,'4/4',Ab7,B1,1,46
35.4788321995,0.341712018141,4,1,23,2,'4/4',Ab7,B1,1,34
35.8205442177,0.338015873016,4,1,23,3,'4/4',Ab7,B1,1,38
36.1585600907,0.338015873016,4,1,23,4,'4/4',Ab7,B1,1,38
36.4965759637,0.368140589569,5,1,24,1,'5/4',G7,B1,1,43
36.8647165533,0.379705215419,5,1,24,2,'5/4',G7,B1,1,43
37.2444217687,0.380793650794,5,1,24,3,'5/4',G7,B1,1,38
37.6252154195,0.378866213152,5,1,24,4,'5/4',G7,B1,1,35
38.0040816327,0.366848072562,5,1,24,5,'5/4',G7,B1,1,37
38.3709297052,0.353197278912,4,1,25,1,'4/4',Em7b5,B1,1,38
38.7241269841,0.353197278912,4,1,25,2,'4/4',Em7b5,B1,1,39
39.077324263,0.363446712018,4,1,25,3,'4/4',Em7b5,B1,1,43
39.4407709751,0.363446712018,4,1,25,4,'4/4',Em7b5,B1,1,44
39.8042176871,0.352607709751,4,1,26,1,'4/4',A7,B1,1,45
40.1568253968,0.352607709751,4,1,26,2,'4/4',A7,B1,1,43
40.5094331066,0.364036281179,4,1,26,3,'4/4',A7,B1,1,41
40.8734693878,0.364036281179,4,1,26,4,'4/4',A7,B1,1,40
41.2375056689,0.376145124717,4,1,27,1,'4/4',F#-7,B1,1,38
41.6136507937,0.376145124717,4,1,27,2,'4/4',F#-7,B1,1,40
41.9897959184,0.349138321995,4,1,27,3,'4/4',F#-7,B1,1,42
42.3389342404,0.349138321995,4,1,27,4,'4/4',F#-7,B1,1,43
42.6880725624,0.350770975057,4,1,28,1,'4/4',B7,B1,1,45
43.0388435374,0.350770975057,4,1,28,2,'4/4',B7,B1,1,34
43.3896145125,0.361383219955,4,1,28,3,'4/4',B7,B1,1,47
43.7509977324,0.361383219955,4,1,28,4,'4/4',B7,B1,1,41
44.1123809524,0.36306122449,4,1,29,1,'4/4',E-7,B1,1,40
44.4754421769,0.36306122449,4,1,29,2,'4/4',E-7,B1,1,45
44.8385034014,0.369750566893,4,1,29,3,'4/4',E-7,B1,1,45
45.2082539683,0.369750566893,4,1,29,4,'4/4',E-7,B1,1,45
45.5780045351,0.370657596372,4,1,30,1,'4/4',A7,B1,1,33
45.9486621315,0.370657596372,4,1,30,2,'4/4',A7,B1,1,33
46.3193197279,0.35933106576,4,1,30,3,'4/4',A7,B1,1,33
46.6786507937,0.35933106576,4,1,30,4,'4/4',A7,B1,1,33
47.0379818594,0.359829931973,4,1,31,1,'4/4',Dj7,B1,1,33
47.3978117914,0.359829931973,4,1,31,2,'4/4',Dj7,B1,1,33
47.7576417234,0.348299319728,4,1,31,3,'4/4',Dj7,B1,1,45
48.1059410431,0.348299319728,4,1,31,4,'4/4',Dj7,B1,1,45
48.4542403628,0.333786848073,4,1,32,1,'4/4',Dj7,B1,1,33
48.7880272109,0.333786848073,4,1,32,2,'4/4',Dj7,B1,1,33
49.121814059,0.333786848073,4,1,32,3,'4/4',NC,B1,1,33
49.455600907,0.333786848073,4,1,32,4,'4/4',NC,B1,1,33
