onset,duration,period,division,bar,beat,signature,chord,form,chorus_id,bass
2.36818594104,0.250827664399,4,1,-2,3,'4/4',NC,I1,0,45
2.61901360544,0.250827664399,4,1,-2,4,'4/4',NC,I1,0,40
2.86984126984,0.232936507937,4,1,-1,1,'4/4',NC,I1,0,40
3.10277777778,0.232936507937,4,1,-1,2,'4/4',NC,I1,0,37
3.33571428571,0.245941043084,4,1,-1,3,'4/4',NC,I1,0,40
3.5816553288,0.245941043084,4,1,-1,4,'4/4',NC,I1,0,40
3.82759637188,0.238276643991,4,1,0,1,'4/4',NC,I1,0,40
4.06587301587,0.238276643991,4,1,0,2,'4/4',NC,I1,0,40
4.30414965986,0.240941043084,4,1,0,3,'4/4',NC,I1,0,40
4.54509070295,0.240941043084,4,1,0,4,'4/4',NC,I1,0,42
4.78603174603,0.255578231293,4,1,1,1,'4/4',Ab7,A1,1,40
5.04160997732,0.255578231293,4,1,1,2,'4/4',Ab7,A1,1,40
5.29718820862,0.248083900227,4,1,1,3,'4/4',Ab7,A1,1,47
5.54527210884,0.248083900227,4,1,1,4,'4/4',Ab7,A1,1,40
5.79335600907,0.250793650794,4,1,2,1,'4/4',Ab7,A1,1,40
6.04414965986,0.250793650794,4,1,2,2,'4/4',Ab7,A1,1,40
6.29494331066,0.255702947846,4,1,2,3,'4/4',Ab7,A1,1,45
6.5506462585,0.255702947846,4,1,2,4,'4/4',Ab7,A1,1,41
6.80634920635,0.260646258503,4,1,3,1,'4/4',Ab7,A1,1,40
7.06699546485,0.260646258503,4,1,3,2,'4/4',Ab7,A1,1,40
7.32764172336,0.241009070295,4,1,3,3,'4/4',Ab7,A1,1,40
7.56865079365,0.241009070295,4,1,3,4,'4/4',Ab7,A1,1,40
7.80965986395,0.243072562358,4,1,4,1,'4/4',Ab7,A1,1,40
8.0527324263,0.243072562358,4,1,4,2,'4/4',Ab7,A1,1,42
8.29580498866,0.237766439909,4,1,4,3,'4/4',Ab7,A1,1,40
8.53357142857,0.237766439909,4,1,4,4,'4/4',Ab7,A1,1,43
8.77133786848,0.241496598639,4,1,5,1,'4/4',Eb6,A1,1,40
9.01283446712,0.241496598639,4,1,5,2,'4/4',Eb6,A1,1,40
9.25433106576,0.238231292517,4,1,5,3,'4/4',Eb6,A1,1,40
9.49256235828,0.238231292517,4,1,5,4,'4/4',Eb6,A1,1,40
9.73079365079,0.260623582766,4,1,6,1,'4/4',Eb6,A1,1,40
9.99141723356,0.260623582766,4,1,6,2,'4/4',Eb6,A1,1,40
10.2520408163,0.250725623583,4,1,6,3,'4/4',Eb6,A1,1,40
10.5027664399,0.250725623583,4,1,6,4,'4/4',Eb6,A1,1,43
10.7534920635,0.245861678005,4,1,7,1,'4/4',Eb6,A1,1,40
10.9993537415,0.245861678005,4,1,7,2,'4/4',Eb6,A1,1,40
11.2452154195,0.260544217687,4,1,7,3,'4/4',Eb6,A1,1,46
11.5057596372,0.260544217687,4,1,7,4,'4/4',Eb6,A1,1,40
11.7663038549,0.250861678005,4,1,8,1,'4/4',Eb6,A1,1,40
12.0171655329,0.250861678005,4,1,8,2,'4/4',Eb6,A1,1,35
12.2680272109,0.242675736961,4,1,8,3,'4/4',Eb6,A1,1,45
12.5107029478,0.242675736961,4,1,8,4,'4/4',Eb6,A1,1,42
12.7533786848,0.250804988662,4,1,9,1,'4/4',Ab7,A1,1,40
13.0041836735,0.250804988662,4,1,9,2,'4/4',Ab7,A1,1,40
13.2549886621,0.246893424036,4,1,9,3,'4/4',Ab7,A1,1,46
13.5018820862,0.246893424036,4,1,9,4,'4/4',Ab7,A1,1,40
13.7487755102,0.264467120181,4,1,10,1,'4/4',Ab7,A1,1,40
14.0132426304,0.264467120181,4,1,10,2,'4/4',Ab7,A1,1,40
14.2777097506,0.255691609977,4,1,10,3,'4/4',Ab7,A1,1,46
14.5334013605,0.255691609977,4,1,10,4,'4/4',Ab7,A1,1,40
14.7890929705,0.255759637188,4,1,11,1,'4/4',Ab7,A1,1,40
15.0448526077,0.255759637188,4,1,11,2,'4/4',Ab7,A1,1,37
15.3006122449,0.245850340136,4,1,11,3,'4/4',Ab7,A1,1,40
15.546462585,0.245850340136,4,1,11,4,'4/4',Ab7,A1,1,40
15.7923129252,0.248129251701,4,1,12,1,'4/4',Ab7,A1,1,40
16.0404421769,0.248129251701,4,1,12,2,'4/4',Ab7,A1,1,41
16.2885714286,0.246825396825,4,1,12,3,'4/4',Ab7,A1,1,40
16.5353968254,0.246825396825,4,1,12,4,'4/4',Ab7,A1,1,37
16.7822222222,0.249614512472,4,1,13,1,'4/4',Eb6,A1,1,40
17.0318367347,0.249614512472,4,1,13,2,'4/4',Eb6,A1,1,40
17.2814512472,0.255419501134,4,1,13,3,'4/4',Eb6,A1,1,40
17.5368707483,0.255419501134,4,1,13,4,'4/4',Eb6,A1,1,43
17.7922902494,0.260975056689,4,1,14,1,'4/4',Eb6,A1,1,40
18.0532653061,0.260975056689,4,1,14,2,'4/4',Eb6,A1,1,43
18.3142403628,0.248151927438,4,1,14,3,'4/4',Eb6,A1,1,47
18.5623922902,0.248151927438,4,1,14,4,'4/4',Eb6,A1,1,40
18.8105442177,0.240476190476,4,1,15,1,'4/4',Eb6,A1,1,40
19.0510204082,0.240476190476,4,1,15,2,'4/4',Eb6,A1,1,37
19.2914965986,0.250804988662,4,1,15,3,'4/4',Eb6,A1,1,40
19.5423015873,0.250804988662,4,1,15,4,'4/4',Eb6,A1,1,40
19.793106576,0.265850340136,4,1,16,1,'4/4',Eb6,A1,1,40
20.0589569161,0.265850340136,4,1,16,2,'4/4',Eb6,A1,1,40
20.3248072562,0.245975056689,4,1,16,3,'4/4',Eb6,A1,1,45
20.5707823129,0.245975056689,4,1,16,4,'4/4',Eb6,A1,1,37
20.8167573696,0.250238095238,4,1,17,1,'4/4',C7,B1,1,48
21.0669954649,0.250238095238,4,1,17,2,'4/4',C7,B1,1,48
21.3172335601,0.243628117914,4,1,17,3,'4/4',C7,B1,1,39
21.560861678,0.243628117914,4,1,17,4,'4/4',C7,B1,1,36
21.8044897959,0.242698412698,4,1,18,1,'4/4',C7,B1,1,40
22.0471882086,0.242698412698,4,1,18,2,'4/4',C7,B1,1,37
22.2898866213,0.250839002268,4,1,18,3,'4/4',C7,B1,1,40
22.5407256236,0.250839002268,4,1,18,4,'4/4',C7,B1,1,40
22.7915646259,0.238219954649,4,1,19,1,'4/4',C7,B1,1,37
23.0297845805,0.238219954649,4,1,19,2,'4/4',C7,B1,1,37
23.2680045351,0.250804988662,4,1,19,3,'4/4',C7,B1,1,48
23.5188095238,0.250804988662,4,1,19,4,'4/4',C7,B1,1,37
23.7696145125,0.240963718821,4,1,20,1,'4/4',C7,B1,1,40
24.0105782313,0.240963718821,4,1,20,2,'4/4',C7,B1,1,43
24.2515419501,0.243253968254,4,1,20,3,'4/4',C7,B1,1,48
24.4947959184,0.243253968254,4,1,20,4,'4/4',C7,B1,1,37
24.7380498866,0.245215419501,4,1,21,1,'4/4',F-7,B1,1,40
24.9832653061,0.245215419501,4,1,21,2,'4/4',F-7,B1,1,40
25.2284807256,0.266133786848,4,1,21,3,'4/4',F-7,B1,1,40
25.4946145125,0.266133786848,4,1,21,4,'4/4',F-7,B1,1,40
25.7607482993,0.245804988662,4,1,22,1,'4/4',F-7,B1,1,40
26.006553288,0.245804988662,4,1,22,2,'4/4',F-7,B1,1,40
26.2523582766,0.238231292517,4,1,22,3,'4/4',F-7,B1,1,43
26.4905895692,0.238231292517,4,1,22,4,'4/4',F-7,B1,1,43
26.7288208617,0.255782312925,4,1,23,1,'4/4',Ab-7,B1,1,44
26.9846031746,0.255782312925,4,1,23,2,'4/4',Ab-7,B1,1,44
27.2403854875,0.250725623583,4,1,23,3,'4/4',Ab-7,B1,1,44
27.4911111111,0.250725623583,4,1,23,4,'4/4',Ab-7,B1,1,43
27.7418367347,0.24320861678,4,1,24,1,'4/4',Db7,B1,1,44
27.9850453515,0.24320861678,4,1,24,2,'4/4',Db7,B1,1,44
28.2282539683,0.245362811791,4,1,24,3,'4/4',Db7,B1,1,44
28.47361678,0.245362811791,4,1,24,4,'4/4',Db7,B1,1,44
28.7189795918,0.250816326531,4,1,25,1,'4/4',Eb6,B1,1,43
28.9697959184,0.250816326531,4,1,25,2,'4/4',Eb6,B1,1,40
29.2206122449,0.250827664399,4,1,25,3,'4/4',Eb6,B1,1,40
29.4714399093,0.250827664399,4,1,25,4,'4/4',Eb6,B1,1,37
29.7222675737,0.23335600907,4,1,26,1,'4/4',Eb6,B1,1,40
29.9556235828,0.23335600907,4,1,26,2,'4/4',Eb6,B1,1,37
30.1889795918,0.265408163265,4,1,26,3,'4/4',Eb6,B1,1,43
30.4543877551,0.265408163265,4,1,26,4,'4/4',Eb6,B1,1,40
30.7197959184,0.245952380952,4,1,27,1,'4/4',C7,B1,1,48
30.9657482993,0.245952380952,4,1,27,2,'4/4',C7,B1,1,37
31.2117006803,0.260498866213,4,1,27,3,'4/4',C7,B1,1,43
31.4721995465,0.260498866213,4,1,27,4,'4/4',C7,B1,1,43
31.7326984127,0.248129251701,4,1,28,1,'4/4',C7,B1,1,40
31.9808276644,0.248129251701,4,1,28,2,'4/4',C7,B1,1,37
32.2289569161,0.258412698413,4,1,28,3,'4/4',C7,B1,1,40
32.4873696145,0.258412698413,4,1,28,4,'4/4',C7,B1,1,40
32.7457823129,0.230657596372,4,1,29,1,'4/4',F-7,B1,1,40
32.9764399093,0.230657596372,4,1,29,2,'4/4',F-7,B1,1,40
33.2070975057,0.258401360544,4,1,29,3,'4/4',F-7,B1,1,40
33.4654988662,0.258401360544,4,1,29,4,'4/4',F-7,B1,1,40
33.7239002268,0.243163265306,4,1,30,1,'4/4',B7,B1,1,40
33.9670634921,0.243163265306,4,1,30,2,'4/4',B7,B1,1,40
34.2102267574,0.243095238095,4,1,30,3,'4/4',B7,B1,1,40
34.4533219955,0.243095238095,4,1,30,4,'4/4',B7,B1,1,40
34.6964172336,0.245975056689,4,1,31,1,'4/4',Eb6,B1,1,40
34.9423922902,0.245975056689,4,1,31,2,'4/4',Eb6,B1,1,40
35.1883673469,0.237471655329,4,1,31,3,'4/4',Eb6,B1,1,40
35.4258390023,0.237471655329,4,1,31,4,'4/4',Eb6,B1,1,40
35.6633106576,0.268197278912,4,1,32,1,'4/4',Eb6,B1,1,47
35.9315079365,0.268197278912,4,1,32,2,'4/4',Eb6,B1,1,40
36.1997052154,0.250793650794,4,1,32,3,'4/4',Eb6,B1,1,40
36.4504988662,0.250793650794,4,1,32,4,'4/4',Eb6,B1,1,40
36.701292517,0.255623582766,4,1,33,1,'4/4',Ab7,I1,1,40
36.9569160998,0.255623582766,4,1,33,2,'4/4',Ab7,I1,1,40
37.2125396825,0.255623582766,4,1,33,3,'4/4',Ab7,I1,1,40
37.4681632653,0.255623582766,4,1,33,4,'4/4',Ab7,I1,1,40
