onset,duration,period,division,bar,beat,signature,chord,form,chorus_id,bass
2.39301587302,0.232947845805,4,1,1,1,'4/4',Bb,A1,1,46
2.62596371882,0.24358276644,4,1,1,2,'4/4',Bb,A1,1,46
2.86954648526,0.248412698413,4,1,1,3,'4/4',Bb,A1,1,46
3.11795918367,0.246031746032,4,1,1,4,'4/4',Bb,A1,1,46
3.36399092971,0.246712018141,4,1,2,1,'4/4',Bb,A1,1,46
3.61070294785,0.240907029478,4,1,2,2,'4/4',Bb,A1,1,46
3.85160997732,0.235102040816,4,1,2,3,'4/4',Bb,A1,1,46
4.08671201814,0.249614512472,4,1,2,4,'4/4',Bb,A1,1,46
4.33632653061,0.238004535147,4,1,3,1,'4/4',A-7,A1,1,45
4.57433106576,0.258321995465,4,1,3,2,'4/4',A-7,A1,1,45
4.83265306122,0.255419501134,4,1,3,3,'4/4',A-7,A1,1,45
5.08807256236,0.254467120181,4,1,3,4,'4/4',A-7,A1,1,45
5.34253968254,0.253446712018,4,1,4,1,'4/4',D7,A1,1,38
5.59598639456,0.2679138322,4,1,4,2,'4/4',D7,A1,1,38
5.86390022676,0.253492063492,4,1,4,3,'4/4',D7,A1,1,38
6.11739229025,0.247777777778,4,1,4,4,'4/4',D7,A1,1,38
6.36517006803,0.253990929705,4,1,5,1,'4/4',G-,A1,1,43
6.61916099773,0.25253968254,4,1,5,2,'4/4',G-,A1,1,43
6.87170068027,0.278684807256,4,1,5,3,'4/4',G-,A1,1,43
7.15038548753,0.247800453515,4,1,5,4,'4/4',G-,A1,1,43
7.39818594104,0.268843537415,4,1,6,1,'4/4',G-,A1,1,43
7.66702947846,0.252562358277,4,1,6,2,'4/4',G-,A1,1,43
7.91959183673,0.243718820862,4,1,6,3,'4/4',G-,A1,1,43
8.1633106576,0.248344671202,4,1,6,4,'4/4',G-,A1,1,43
8.4116553288,0.253469387755,4,1,7,1,'4/4',G-7,A1,1,43
8.66512471655,0.267709750567,4,1,7,2,'4/4',G-7,A1,1,43
8.93283446712,0.232993197279,4,1,7,3,'4/4',G-7,A1,1,43
9.1658276644,0.253628117914,4,1,7,4,'4/4',G-7,A1,1,43
9.41945578231,0.268344671202,4,1,8,1,'4/4',C7,A1,1,36
9.68780045351,0.242766439909,4,1,8,2,'4/4',C7,A1,1,36
9.93056689342,0.278707482993,4,1,8,3,'4/4',C7,A1,1,36
10.2092743764,0.242607709751,4,1,8,4,'4/4',C7,A1,1,36
10.4518820862,0.259070294785,4,1,9,1,'4/4',C-7,A1,1,36
10.710952381,0.252607709751,4,1,9,2,'4/4',C-7,A1,1,36
10.9635600907,0.248163265306,4,1,9,3,'4/4',C-7,A1,1,36
11.211723356,0.259070294785,4,1,9,4,'4/4',C-7,A1,1,36
11.4707936508,0.281836734694,4,1,10,1,'4/4',F7,A1,1,41
11.7526303855,0.249319727891,4,1,10,2,'4/4',F7,A1,1,41
12.0019501134,0.252426303855,4,1,10,3,'4/4',F7,A1,1,41
12.2543764172,0.26873015873,4,1,10,4,'4/4',F7,A1,1,41
12.523106576,0.267868480726,4,1,11,1,'4/4',D-,A1,1,38
12.7909750567,0.253492063492,4,1,11,2,'4/4',D-,A1,1,38
13.0444671202,0.258117913832,4,1,11,3,'4/4',D-,A1,1,38
13.302585034,0.253401360544,4,1,11,4,'4/4',D-,A1,1,38
13.5559863946,0.238412698413,4,1,12,1,'4/4',G-,A1,1,43
13.794399093,0.23380952381,4,1,12,2,'4/4',G-,A1,1,43
14.0282086168,0.243106575964,4,1,12,3,'4/4',G-,A1,1,38
14.2713151927,0.243560090703,4,1,12,4,'4/4',G-,A1,1,43
14.5148752834,0.25798185941,4,1,13,1,'4/4',E-7,A1,1,44
14.7728571429,0.262290249433,4,1,13,2,'4/4',E-7,A1,1,40
15.0351473923,0.268820861678,4,1,13,3,'4/4',E-7,A1,1,40
15.303968254,0.268934240363,4,1,13,4,'4/4',E-7,A1,1,40
15.5729024943,0.267528344671,4,1,14,1,'4/4',A7,A1,1,45
15.840430839,0.233015873016,4,1,14,2,'4/4',A7,A1,1,33
16.073446712,0.263265306122,4,1,14,3,'4/4',A7,A1,1,45
16.3367120181,0.277619047619,4,1,14,4,'4/4',A7,A1,1,45
16.6143310658,0.259138321995,4,1,15,1,'4/4',D,A1,1,38
16.8734693878,0.252471655329,4,1,15,2,'4/4',D,A1,1,38
17.1259410431,0.258820861678,4,1,15,3,'4/4',D,A1,1,38
17.3847619048,0.25253968254,4,1,15,4,'4/4',D,A1,1,38
17.6373015873,0.259092970522,4,1,16,1,'4/4',F7,A1,1,36
17.8963945578,0.232925170068,4,1,16,2,'4/4',F7,A1,1,36
18.1293197279,0.233854875283,4,1,16,3,'4/4',F7,A1,1,41
18.3631746032,0.241814058957,4,1,16,4,'4/4',F7,A1,1,35
18.6049886621,0.26,4,1,17,1,'4/4',Bb,A2,1,46
18.8649886621,0.252471655329,4,1,17,2,'4/4',Bb,A2,1,34
19.1174603175,0.268911564626,4,1,17,3,'4/4',Bb,A2,1,46
19.3863718821,0.242789115646,4,1,17,4,'4/4',Bb,A2,1,34
19.6291609977,0.250702947846,4,1,18,1,'4/4',Bb,A2,1,34
19.8798639456,0.270612244898,4,1,18,2,'4/4',Bb,A2,1,34
20.1504761905,0.24820861678,4,1,18,3,'4/4',Bb,A2,1,46
20.3986848073,0.23387755102,4,1,18,4,'4/4',Bb,A2,1,46
20.6325623583,0.267868480726,4,1,19,1,'4/4',A-7,A2,1,45
20.900430839,0.263242630385,4,1,19,2,'4/4',A-7,A2,1,45
21.1636734694,0.2679138322,4,1,19,3,'4/4',A-7,A2,1,45
21.4315873016,0.268662131519,4,1,19,4,'4/4',A-7,A2,1,45
21.7002494331,0.278344671202,4,1,20,1,'4/4',D7,A2,1,38
21.9785941043,0.262335600907,4,1,20,2,'4/4',D7,A2,1,38
22.2409297052,0.238321995465,4,1,20,3,'4/4',D7,A2,1,38
22.4792517007,0.263514739229,4,1,20,4,'4/4',D7,A2,1,38
22.7427664399,0.257845804989,4,1,21,1,'4/4',G-,A2,1,43
23.0006122449,0.253378684807,4,1,21,2,'4/4',G-,A2,1,31
23.2539909297,0.249160997732,4,1,21,3,'4/4',G-,A2,1,38
23.5031519274,0.242879818594,4,1,21,4,'4/4',G-,A2,1,38
23.746031746,0.252358276644,4,1,22,1,'4/4',G-,A2,1,43
23.9983900227,0.259183673469,4,1,22,2,'4/4',G-,A2,1,43
24.2575736961,0.242721088435,4,1,22,3,'4/4',G-,A2,1,38
24.5002947846,0.258843537415,4,1,22,4,'4/4',G-,A2,1,38
24.759138322,0.277573696145,4,1,23,1,'4/4',G-7,A2,1,43
25.0367120181,0.243786848073,4,1,23,2,'4/4',G-7,A2,1,43
25.2804988662,0.242653061224,4,1,23,3,'4/4',G-7,A2,1,43
25.5231519274,0.259206349206,4,1,23,4,'4/4',G-7,A2,1,43
25.7823582766,0.252471655329,4,1,24,1,'4/4',C7,A2,1,43
26.034829932,0.243560090703,4,1,24,2,'4/4',C7,A2,1,36
26.2783900227,0.256213151927,4,1,24,3,'4/4',C7,A2,1,36
26.5346031746,0.267029478458,4,1,24,4,'4/4',C7,A2,1,36
26.8016326531,0.265827664399,4,1,25,1,'4/4',C-,A2,1,36
27.0674603175,0.259160997732,4,1,25,2,'4/4',C-,A2,1,36
27.3266213152,0.242766439909,4,1,25,3,'4/4',C-,A2,1,36
27.5693877551,0.24925170068,4,1,25,4,'4/4',C-,A2,1,36
27.8186394558,0.252517006803,4,1,26,1,'4/4',F7,A2,1,41
28.0711564626,0.242721088435,4,1,26,2,'4/4',F7,A2,1,41
28.313877551,0.249319727891,4,1,26,3,'4/4',F7,A2,1,41
28.5631972789,0.232970521542,4,1,26,4,'4/4',F7,A2,1,39
28.7961678005,0.263242630385,4,1,27,1,'4/4',D-,A2,1,38
29.0594104308,0.248163265306,4,1,27,2,'4/4',D-,A2,1,38
29.3075736961,0.25358276644,4,1,27,3,'4/4',D-,A2,1,38
29.5611564626,0.26768707483,4,1,27,4,'4/4',D-,A2,1,38
29.8288435374,0.27873015873,4,1,28,1,'4/4',G7,A2,1,43
30.1075736961,0.242698412698,4,1,28,2,'4/4',G7,A2,1,43
30.3502721088,0.233786848073,4,1,28,3,'4/4',G7,A2,1,38
30.5840589569,0.258095238095,4,1,28,4,'4/4',G7,A2,1,43
30.842154195,0.25358276644,4,1,29,1,'4/4',C-7,A2,1,36
31.0957369615,0.25798185941,4,1,29,2,'4/4',C-7,A2,1,36
31.3537188209,0.252403628118,4,1,29,3,'4/4',C-7,A2,1,36
31.606122449,0.25358276644,4,1,29,4,'4/4',C-7,A2,1,36
31.8597052154,0.248367346939,4,1,30,1,'4/4',F7,A2,1,41
32.1080725624,0.251836734694,4,1,30,2,'4/4',F7,A2,1,41
32.3599092971,0.258321995465,4,1,30,3,'4/4',F7,A2,1,41
32.6182312925,0.240907029478,4,1,30,4,'4/4',F7,A2,1,41
32.859138322,0.252517006803,4,1,31,1,'4/4',Bb,A2,1,45
33.1116553288,0.240907029478,4,1,31,2,'4/4',Bb,A2,1,34
33.3525623583,0.258321995465,4,1,31,3,'4/4',Bb,A2,1,46
33.6108843537,0.296054421769,4,1,31,4,'4/4',Bb,A2,1,46
33.9069387755,0.276439909297,4,1,32,1,'4/4',C-7,A2,1,36
34.1833786848,0.229750566893,4,1,32,2,'4/4',C-7,A2,1,40
34.4131292517,0.262335600907,4,1,32,3,'4/4',F7,A2,1,41
34.6754648526,0.268594104308,4,1,32,4,'4/4',F7,A2,1,41
34.9440589569,0.268594104308,4,1,33,1,'4/4',Bb,A1,2,34
