onset,duration,period,division,bar,beat,signature,chord,form,chorus_id,bass
6.14290249433,0.221405895692,4,1,1,1,'4/4',Bbj7,A1,1,34
6.36430839002,0.221405895692,4,1,1,2,'4/4',Bbj7,A1,1,45
6.58571428571,0.225034013605,4,1,1,3,'4/4',G7,A1,1,42
6.81074829932,0.225034013605,4,1,1,4,'4/4',G7,A1,1,35
7.03578231293,0.225204081633,4,1,2,1,'4/4',C-7,A1,1,36
7.26098639456,0.225204081633,4,1,2,2,'4/4',C-7,A1,1,34
7.48619047619,0.22820861678,4,1,2,3,'4/4',F7,A1,1,46
7.71439909297,0.22820861678,4,1,2,4,'4/4',F7,A1,1,41
7.94260770975,0.228378684807,4,1,3,1,'4/4',Bbj7,A1,1,42
8.17098639456,0.228378684807,4,1,3,2,'4/4',Bbj7,A1,1,40
8.39936507937,0.222131519274,4,1,3,3,'4/4',G7,A1,1,38
8.62149659864,0.222131519274,4,1,3,4,'4/4',G7,A1,1,47
8.84362811791,0.230702947846,4,1,4,1,'4/4',C-7,A1,1,42
9.07433106576,0.230702947846,4,1,4,2,'4/4',C-7,A1,1,43
9.30503401361,0.219319727891,4,1,4,3,'4/4',F7,A1,1,42
9.5243537415,0.219319727891,4,1,4,4,'4/4',F7,A1,1,45
9.74367346939,0.217959183673,4,1,5,1,'4/4',F-7,A1,1,44
9.96163265306,0.217959183673,4,1,5,2,'4/4',F-7,A1,1,41
10.1795918367,0.221609977324,4,1,5,3,'4/4',Bb7,A1,1,43
10.4012018141,0.221609977324,4,1,5,4,'4/4',Bb7,A1,1,44
10.6228117914,0.217641723356,4,1,6,1,'4/4',Ebj7,A1,1,46
10.8404535147,0.217641723356,4,1,6,2,'4/4',Ebj7,A1,1,38
11.0580952381,0.228866213152,4,1,6,3,'4/4',Eb-6,A1,1,39
11.2869614512,0.228866213152,4,1,6,4,'4/4',Eb-6,A1,1,40
11.5158276644,0.218197278912,4,1,7,1,'4/4',Bbj7,A1,1,41
11.7340249433,0.218197278912,4,1,7,2,'4/4',Bbj7,A1,1,40
11.9522222222,0.230555555556,4,1,7,3,'4/4',G7,A1,1,39
12.1827777778,0.230555555556,4,1,7,4,'4/4',G7,A1,1,38
12.4133333333,0.227777777778,4,1,8,1,'4/4',C-7,A1,1,42
12.6411111111,0.227777777778,4,1,8,2,'4/4',C-7,A1,1,43
12.8688888889,0.220634920635,4,1,8,3,'4/4',F7,A1,1,41
13.0895238095,0.220634920635,4,1,8,4,'4/4',F7,A1,1,39
13.3101587302,0.230782312925,4,1,9,1,'4/4',Bbj7,A2,1,38
13.5409410431,0.230782312925,4,1,9,2,'4/4',Bbj7,A2,1,37
13.771723356,0.217789115646,4,1,9,3,'4/4',G7,A2,1,47
13.9895124717,0.217789115646,4,1,9,4,'4/4',G7,A2,1,38
14.2073015873,0.225759637188,4,1,10,1,'4/4',C-7,A2,1,36
14.4330612245,0.225759637188,4,1,10,2,'4/4',C-7,A2,1,43
14.6588208617,0.221802721088,4,1,10,3,'4/4',F7,A2,1,42
14.8806235828,0.221802721088,4,1,10,4,'4/4',F7,A2,1,45
15.1024263039,0.227891156463,4,1,11,1,'4/4',Bbj7,A2,1,46
15.3303174603,0.227891156463,4,1,11,2,'4/4',Bbj7,A2,1,38
15.5582086168,0.225113378685,4,1,11,3,'4/4',G7,A2,1,43
15.7833219955,0.225113378685,4,1,11,4,'4/4',G7,A2,1,47
16.0084353741,0.227732426304,4,1,12,1,'4/4',C-7,A2,1,42
16.2361678005,0.227732426304,4,1,12,2,'4/4',C-7,A2,1,42
16.4639002268,0.225827664399,4,1,12,3,'4/4',F7,A2,1,36
16.6897278912,0.225827664399,4,1,12,4,'4/4',F7,A2,1,41
16.9155555556,0.227641723356,4,1,13,1,'4/4',Bbj7,A2,1,41
17.1431972789,0.227641723356,4,1,13,2,'4/4',Bbj7,A2,1,47
17.3708390023,0.221768707483,4,1,13,3,'4/4',Bb7,A2,1,47
17.5926077098,0.221768707483,4,1,13,4,'4/4',Bb7,A2,1,47
17.8143764172,0.2260430839,4,1,14,1,'4/4',Ebj7,A2,1,46
18.0404195011,0.2260430839,4,1,14,2,'4/4',Ebj7,A2,1,49
18.266462585,0.224353741497,4,1,14,3,'4/4',Eb-6,A2,1,50
18.4908163265,0.224353741497,4,1,14,4,'4/4',Eb-6,A2,1,47
18.715170068,0.214716553288,4,1,15,1,'4/4',Bbj7,A2,1,49
18.9298866213,0.214716553288,4,1,15,2,'4/4',Bbj7,A2,1,43
19.1446031746,0.216825396825,4,1,15,3,'4/4',F7,A2,1,51
19.3614285714,0.216825396825,4,1,15,4,'4/4',F7,A2,1,43
19.5782539683,0.224603174603,4,1,16,1,'4/4',Bj7,A2,1,42
19.8028571429,0.224603174603,4,1,16,2,'4/4',Bj7,A2,1,47
20.0274603175,0.220997732426,4,1,16,3,'4/4',Bj7,A2,1,47
20.2484580499,0.220997732426,4,1,16,4,'4/4',Bj7,A2,1,46
20.4694557823,0.21619047619,4,1,17,1,'4/4',D7,B1,1,47
20.6856462585,0.21619047619,4,1,17,2,'4/4',D7,B1,1,47
20.9018367347,0.228390022676,4,1,17,3,'4/4',D7,B1,1,42
21.1302267574,0.228390022676,4,1,17,4,'4/4',D7,B1,1,43
21.35861678,0.228027210884,4,1,18,1,'4/4',D7,B1,1,43
21.5866439909,0.228027210884,4,1,18,2,'4/4',D7,B1,1,37
21.8146712018,0.218594104308,4,1,18,3,'4/4',D7,B1,1,37
22.0332653061,0.218594104308,4,1,18,4,'4/4',D7,B1,1,38
22.2518594104,0.224739229025,4,1,19,1,'4/4',G7,B1,1,43
22.4765986395,0.224739229025,4,1,19,2,'4/4',G7,B1,1,43
22.7013378685,0.227902494331,4,1,19,3,'4/4',G7,B1,1,53
22.9292403628,0.227902494331,4,1,19,4,'4/4',G7,B1,1,43
23.1571428571,0.223469387755,4,1,20,1,'4/4',G7,B1,1,42
23.3806122449,0.223469387755,4,1,20,2,'4/4',G7,B1,1,41
23.6040816327,0.225272108844,4,1,20,3,'4/4',G7,B1,1,40
23.8293537415,0.225272108844,4,1,20,4,'4/4',G7,B1,1,37
24.0546258503,0.236326530612,4,1,21,1,'4/4',C7,B1,1,48
24.290952381,0.236326530612,4,1,21,2,'4/4',C7,B1,1,42
24.5272789116,0.229455782313,4,1,21,3,'4/4',C7,B1,1,40
24.7567346939,0.229455782313,4,1,21,4,'4/4',C7,B1,1,40
24.9861904762,0.219195011338,4,1,22,1,'4/4',C7,B1,1,36
25.2053854875,0.219195011338,4,1,22,2,'4/4',C7,B1,1,35
25.4245804989,0.23320861678,4,1,22,3,'4/4',C7,B1,1,36
25.6577891156,0.23320861678,4,1,22,4,'4/4',C7,B1,1,38
25.8909977324,0.218854875283,4,1,23,1,'4/4',F7,B1,1,36
26.1098526077,0.218854875283,4,1,23,2,'4/4',F7,B1,1,38
26.328707483,0.233866213152,4,1,23,3,'4/4',F7,B1,1,39
26.5625736961,0.233866213152,4,1,23,4,'4/4',F7,B1,1,40
26.7964399093,0.223662131519,4,1,24,1,'4/4',F7,B1,1,40
27.0201020408,0.223662131519,4,1,24,2,'4/4',F7,B1,1,45
27.2437641723,0.22664399093,4,1,24,3,'4/4',F7,B1,1,38
27.4704081633,0.22664399093,4,1,24,4,'4/4',F7,B1,1,36
27.6970521542,0.236496598639,4,1,25,1,'4/4',Bbj7,A3,1,43
27.9335487528,0.236496598639,4,1,25,2,'4/4',Bbj7,A3,1,45
28.1700453515,0.220986394558,4,1,25,3,'4/4',G7,A3,1,38
28.391031746,0.220986394558,4,1,25,4,'4/4',G7,A3,1,35
28.6120181406,0.236836734694,4,1,26,1,'4/4',C-7,A3,1,36
28.8488548753,0.236836734694,4,1,26,2,'4/4',C-7,A3,1,43
29.08569161,0.215170068027,4,1,26,3,'4/4',F7,A3,1,41
29.300861678,0.215170068027,4,1,26,4,'4/4',F7,A3,1,39
29.516031746,0.230691609977,4,1,27,1,'4/4',Bbj7,A3,1,38
29.746723356,0.230691609977,4,1,27,2,'4/4',Bbj7,A3,1,43
29.977414966,0.226700680272,4,1,27,3,'4/4',G7,A3,1,43
30.2041156463,0.226700680272,4,1,27,4,'4/4',G7,A3,1,42
30.4308163265,0.237471655329,4,1,28,1,'4/4',C-7,A3,1,47
30.6682879819,0.237471655329,4,1,28,2,'4/4',C-7,A3,1,47
30.9057596372,0.237142857143,4,1,28,3,'4/4',F7,A3,1,41
31.1429024943,0.237142857143,4,1,28,4,'4/4',F7,A3,1,47
31.3800453515,0.22806122449,4,1,29,1,'4/4',Bbj7,A3,1,37
31.608106576,0.22806122449,4,1,29,2,'4/4',Bbj7,A3,1,38
31.8361678005,0.223514739229,4,1,29,3,'4/4',Bb7,A3,1,43
32.0596825397,0.223514739229,4,1,29,4,'4/4',Bb7,A3,1,50
32.2831972789,0.225646258503,4,1,30,1,'4/4',Ebj7,A3,1,50
32.5088435374,0.225646258503,4,1,30,2,'4/4',Ebj7,A3,1,50
32.7344897959,0.231383219955,4,1,30,3,'4/4',Eb-6,A3,1,51
32.9658730159,0.231383219955,4,1,30,4,'4/4',Eb-6,A3,1,41
33.1972562358,0.224795918367,4,1,31,1,'4/4',Bbj7,A3,1,43
33.4220521542,0.224795918367,4,1,31,2,'4/4',Bbj7,A3,1,43
33.6468480726,0.225476190476,4,1,31,3,'4/4',F7,A3,1,42
33.872324263,0.225476190476,4,1,31,4,'4/4',F7,A3,1,47
34.0978004535,0.215770975057,4,1,32,1,'4/4',Bbj7,A3,1,47
34.3135714286,0.215770975057,4,1,32,2,'4/4',Bbj7,A3,1,51
34.5293424036,0.229387755102,4,1,32,3,'4/4',Bbj7,A3,1,41
34.7587301587,0.229387755102,4,1,32,4,'4/4',Bbj7,A3,1,47
34.9881179138,0.233333333333,4,1,33,1,'4/4',Bbj7,A1,2,41
35.2214512472,0.233333333333,4,1,33,2,'4/4',Bbj7,A1,2,42
35.4547845805,0.224467120181,4,1,33,3,'4/4',G7,A1,2,46
35.6792517007,0.224467120181,4,1,33,4,'4/4',G7,A1,2,42
35.9037188209,0.22977324263,4,1,34,1,'4/4',C-7,A1,2,46
36.1334920635,0.22977324263,4,1,34,2,'4/4',C-7,A1,2,47
36.3632653061,0.234591836735,4,1,34,3,'4/4',F7,A1,2,47
36.5978571429,0.234591836735,4,1,34,4,'4/4',F7,A1,2,40
36.8324489796,0.226836734694,4,1,35,1,'4/4',Bbj7,A1,2,42
37.0592857143,0.226836734694,4,1,35,2,'4/4',Bbj7,A1,2,43
37.286122449,0.236213151927,4,1,35,3,'4/4',G7,A1,2,37
37.5223356009,0.236213151927,4,1,35,4,'4/4',G7,A1,2,47
37.7585487528,0.233650793651,4,1,36,1,'4/4',C-7,A1,2,43
37.9921995465,0.233650793651,4,1,36,2,'4/4',C-7,A1,2,37
38.2258503401,0.219115646259,4,1,36,3,'4/4',F7,A1,2,37
38.4449659864,0.219115646259,4,1,36,4,'4/4',F7,A1,2,47
38.6640816327,0.229750566893,4,1,37,1,'4/4',Bbj7,A1,2,42
38.8938321995,0.229750566893,4,1,37,2,'4/4',Bbj7,A1,2,47
39.1235827664,0.227120181406,4,1,37,3,'4/4',Bb7,A1,2,37
39.3507029478,0.227120181406,4,1,37,4,'4/4',Bb7,A1,2,42
39.5778231293,0.232664399093,4,1,38,1,'4/4',Ebj7,A1,2,51
39.8104875283,0.232664399093,4,1,38,2,'4/4',Ebj7,A1,2,43
40.0431519274,0.221077097506,4,1,38,3,'4/4',Eb-6,A1,2,43
40.2642290249,0.221077097506,4,1,38,4,'4/4',Eb-6,A1,2,41
40.4853061224,0.223854875283,4,1,39,1,'4/4',Bbj7,A1,2,42
40.7091609977,0.223854875283,4,1,39,2,'4/4',Bbj7,A1,2,43
40.933015873,0.237052154195,4,1,39,3,'4/4',G7,A1,2,46
41.1700680272,0.237052154195,4,1,39,4,'4/4',G7,A1,2,47
41.4071201814,0.227573696145,4,1,40,1,'4/4',C-7,A1,2,47
41.6346938776,0.227573696145,4,1,40,2,'4/4',C-7,A1,2,42
41.8622675737,0.220170068027,4,1,40,3,'4/4',F7,A1,2,41
42.0824376417,0.220170068027,4,1,40,4,'4/4',F7,A1,2,41
42.3026077098,0.228537414966,4,1,41,1,'4/4',Bbj7,A2,2,47
42.5311451247,0.228537414966,4,1,41,2,'4/4',Bbj7,A2,2,38
42.7596825397,0.231530612245,4,1,41,3,'4/4',G7,A2,2,43
42.9912131519,0.231530612245,4,1,41,4,'4/4',G7,A2,2,41
43.2227437642,0.231235827664,4,1,42,1,'4/4',C-7,A2,2,39
43.4539795918,0.231235827664,4,1,42,2,'4/4',C-7,A2,2,40
43.6852154195,0.228526077098,4,1,42,3,'4/4',F7,A2,2,41
43.9137414966,0.228526077098,4,1,42,4,'4/4',F7,A2,2,45
44.1422675737,0.222970521542,4,1,43,1,'4/4',Bbj7,A2,2,38
44.3652380952,0.222970521542,4,1,43,2,'4/4',Bbj7,A2,2,36
44.5882086168,0.232879818594,4,1,43,3,'4/4',G7,A2,2,35
44.8210884354,0.232879818594,4,1,43,4,'4/4',G7,A2,2,38
45.053968254,0.232267573696,4,1,44,1,'4/4',C-7,A2,2,36
45.2862358277,0.232267573696,4,1,44,2,'4/4',C-7,A2,2,43
45.5185034014,0.221473922902,4,1,44,3,'4/4',F7,A2,2,41
45.7399773243,0.221473922902,4,1,44,4,'4/4',F7,A2,2,45
45.9614512472,0.220827664399,4,1,45,1,'4/4',Bbj7,A2,2,40
46.1822789116,0.220827664399,4,1,45,2,'4/4',Bbj7,A2,2,41
46.403106576,0.22358276644,4,1,45,3,'4/4',Bb7,A2,2,43
46.6266893424,0.22358276644,4,1,45,4,'4/4',Bb7,A2,2,44
46.8502721088,0.225351473923,4,1,46,1,'4/4',Ebj7,A2,2,46
47.0756235828,0.225351473923,4,1,46,2,'4/4',Ebj7,A2,2,38
47.3009750567,0.222551020408,4,1,46,3,'4/4',Eb-6,A2,2,39
47.5235260771,0.222551020408,4,1,46,4,'4/4',Eb-6,A2,2,40
47.7460770975,0.22,4,1,47,1,'4/4',Bbj7,A2,2,41
47.9660770975,0.22,4,1,47,2,'4/4',Bbj7,A2,2,40
48.1860770975,0.224875283447,4,1,47,3,'4/4',F7,A2,2,38
48.410952381,0.224875283447,4,1,47,4,'4/4',F7,A2,2,36
48.6358276644,0.224387755102,4,1,48,1,'4/4',Bbj7,A2,2,42
48.8602154195,0.224387755102,4,1,48,2,'4/4',Bbj7,A2,2,41
49.0846031746,0.217619047619,4,1,48,3,'4/4',Bbj7,A2,2,40
49.3022222222,0.217619047619,4,1,48,4,'4/4',Bbj7,A2,2,45
49.5198412698,0.225691609977,4,1,49,1,'4/4',D7,B1,2,45
49.7455328798,0.225691609977,4,1,49,2,'4/4',D7,B1,2,43
49.9712244898,0.227789115646,4,1,49,3,'4/4',D7,B1,2,48
50.1990136054,0.227789115646,4,1,49,4,'4/4',D7,B1,2,49
50.4268027211,0.224886621315,4,1,50,1,'4/4',D7,B1,2,50
50.6516893424,0.224886621315,4,1,50,2,'4/4',D7,B1,2,38
50.8765759637,0.222664399093,4,1,50,3,'4/4',D7,B1,2,43
51.0992403628,0.222664399093,4,1,50,4,'4/4',D7,B1,2,47
51.3219047619,0.224886621315,4,1,51,1,'4/4',G7,B1,2,43
51.5467913832,0.224886621315,4,1,51,2,'4/4',G7,B1,2,43
51.7716780045,0.224433106576,4,1,51,3,'4/4',G7,B1,2,47
51.9961111111,0.224433106576,4,1,51,4,'4/4',G7,B1,2,45
52.2205442177,0.225430839002,4,1,52,1,'4/4',G7,B1,2,43
52.4459750567,0.225430839002,4,1,52,2,'4/4',G7,B1,2,45
52.6714058957,0.219897959184,4,1,52,3,'4/4',G7,B1,2,35
52.8913038549,0.219897959184,4,1,52,4,'4/4',G7,B1,2,38
53.1112018141,0.229580498866,4,1,53,1,'4/4',C7,B1,2,36
53.3407823129,0.229580498866,4,1,53,2,'4/4',C7,B1,2,36
53.5703628118,0.22873015873,4,1,53,3,'4/4',C7,B1,2,42
53.7990929705,0.22873015873,4,1,53,4,'4/4',C7,B1,2,45
54.0278231293,0.223163265306,4,1,54,1,'4/4',C7,B1,2,43
54.2509863946,0.223163265306,4,1,54,2,'4/4',C7,B1,2,45
54.4741496599,0.23619047619,4,1,54,3,'4/4',C7,B1,2,46
54.7103401361,0.23619047619,4,1,54,4,'4/4',C7,B1,2,47
54.9465306122,0.221315192744,4,1,55,1,'4/4',F7,B1,2,36
55.167845805,0.221315192744,4,1,55,2,'4/4',F7,B1,2,50
55.3891609977,0.232585034014,4,1,55,3,'4/4',F7,B1,2,39
55.6217460317,0.232585034014,4,1,55,4,'4/4',F7,B1,2,40
55.8543310658,0.226394557823,4,1,56,1,'4/4',F7,B1,2,40
56.0807256236,0.226394557823,4,1,56,2,'4/4',F7,B1,2,43
56.3071201814,0.234217687075,4,1,56,3,'4/4',F7,B1,2,44
56.5413378685,0.234217687075,4,1,56,4,'4/4',F7,B1,2,42
56.7755555556,0.228548752834,4,1,57,1,'4/4',Bbj7,A3,2,39
57.0041043084,0.228548752834,4,1,57,2,'4/4',Bbj7,A3,2,38
57.2326530612,0.234467120181,4,1,57,3,'4/4',G7,A3,2,42
57.4671201814,0.234467120181,4,1,57,4,'4/4',G7,A3,2,41
57.7015873016,0.236553287982,4,1,58,1,'4/4',C-7,A3,2,39
57.9381405896,0.236553287982,4,1,58,2,'4/4',C-7,A3,2,43
58.1746938776,0.238163265306,4,1,58,3,'4/4',F7,A3,2,41
58.4128571429,0.238163265306,4,1,58,4,'4/4',F7,A3,2,39
58.6510204082,0.230464852608,4,1,59,1,'4/4',Bbj7,A3,2,38
58.8814852608,0.230464852608,4,1,59,2,'4/4',Bbj7,A3,2,36
59.1119501134,0.22626984127,4,1,59,3,'4/4',G7,A3,2,42
59.3382199546,0.22626984127,4,1,59,4,'4/4',G7,A3,2,43
59.5644897959,0.234081632653,4,1,60,1,'4/4',C-7,A3,2,39
59.7985714286,0.234081632653,4,1,60,2,'4/4',C-7,A3,2,43
60.0326530612,0.228548752834,4,1,60,3,'4/4',F7,A3,2,41
60.2612018141,0.228548752834,4,1,60,4,'4/4',F7,A3,2,45
60.4897505669,0.223412698413,4,1,61,1,'4/4',Bbj7,A3,2,44
60.7131632653,0.223412698413,4,1,61,2,'4/4',Bbj7,A3,2,41
60.9365759637,0.233174603175,4,1,61,3,'4/4',Bb7,A3,2,40
61.1697505669,0.233174603175,4,1,61,4,'4/4',Bb7,A3,2,40
61.4029251701,0.223560090703,4,1,62,1,'4/4',Ebj7,A3,2,39
61.6264852608,0.223560090703,4,1,62,2,'4/4',Ebj7,A3,2,40
61.8500453515,0.225464852608,4,1,62,3,'4/4',Eb-6,A3,2,41
62.0755102041,0.225464852608,4,1,62,4,'4/4',Eb-6,A3,2,40
62.3009750567,0.227063492063,4,1,63,1,'4/4',Bbj7,A3,2,46
62.5280385488,0.227063492063,4,1,63,2,'4/4',Bbj7,A3,2,37
62.7551020408,0.230612244898,4,1,63,3,'4/4',F7,A3,2,44
62.9857142857,0.230612244898,4,1,63,4,'4/4',F7,A3,2,42
63.2163265306,0.226530612245,4,1,64,1,'4/4',Bbj7,A3,2,41
63.4428571429,0.226530612245,4,1,64,2,'4/4',Bbj7,A3,2,43
63.6693877551,0.235124716553,4,1,64,3,'4/4',Bbj7,A3,2,44
63.9045124717,0.235124716553,4,1,64,4,'4/4',Bbj7,A3,2,45
64.1396371882,0.226836734694,4,1,65,1,'4/4',Bbj7,A1,3,46
64.3664739229,0.226836734694,4,1,65,2,'4/4',Bbj7,A1,3,38
64.5933106576,0.221678004535,4,1,65,3,'4/4',G7,A1,3,43
64.8149886621,0.221678004535,4,1,65,4,'4/4',G7,A1,3,47
65.0366666667,0.229013605442,4,1,66,1,'4/4',C-7,A1,3,47
65.2656802721,0.229013605442,4,1,66,2,'4/4',C-7,A1,3,42
65.4946938776,0.226723356009,4,1,66,3,'4/4',F7,A1,3,42
65.7214172336,0.226723356009,4,1,66,4,'4/4',F7,A1,3,47
65.9481405896,0.226723356009,4,1,67,1,'4/4',Bb6,A1,3,47
66.1748639456,0.226723356009,4,1,67,2,'4/4',Bb6,A1,3,38
