onset,duration,period,division,bar,beat,signature,chord,form,chorus_id,bass
1.85306122449,0.563265306122,4,1,-1,1,'4/4',NC,I1,0,37
2.41632653061,0.559501133787,4,1,-1,2,'4/4',NC,I1,0,39
2.9758276644,0.531020408163,4,1,-1,3,'4/4',NC,I1,0,36
3.50684807256,0.530725623583,4,1,-1,4,'4/4',NC,I1,0,39
4.03757369615,0.556031746032,4,1,0,1,'4/4',NC,I1,0,46
4.59360544218,0.501632653061,4,1,0,2,'4/4',NC,I1,0,36
5.09523809524,0.501655328798,4,1,0,3,'4/4',NC,I1,0,38
5.59689342404,0.590884353741,4,1,0,4,'4/4',NC,I1,0,38
6.18777777778,0.585328798186,4,1,1,1,'4/4',Eb-7,A1,1,50
6.77310657596,0.555963718821,4,1,1,2,'4/4',Eb-7,A1,1,37
7.32907029478,0.546077097506,4,1,1,3,'4/4',Bb79b,A1,1,47
7.87514739229,0.530997732426,4,1,1,4,'4/4',Bb79b,A1,1,46
8.40614512472,0.536394557823,4,1,2,1,'4/4',Eb-7,A1,1,43
8.94253968254,0.582040816327,4,1,2,2,'4/4',Eb-7,A1,1,39
9.52458049887,0.520090702948,4,1,2,3,'4/4',D7,A1,1,50
10.0446712018,0.54746031746,4,1,2,4,'4/4',D7,A1,1,43
10.5921315193,0.591088435374,4,1,3,1,'4/4',Dbj7,A1,1,37
11.1832199546,0.585464852608,4,1,3,2,'4/4',Dbj7,A1,1,44
11.7686848073,0.546281179138,4,1,3,3,'4/4',Gb7,A1,1,49
12.3149659864,0.536213151927,4,1,3,4,'4/4',Gb7,A1,1,43
12.8511791383,0.546349206349,4,1,4,1,'4/4',F-7,A1,1,40
13.3975283447,0.565759637188,4,1,4,2,'4/4',F-7,A1,1,40
13.9632879819,0.540770975057,4,1,4,3,'4/4',Eo7,A1,1,39
14.5040589569,0.555986394558,4,1,4,4,'4/4',Eo7,A1,1,43
15.0600453515,0.571337868481,4,1,5,1,'4/4',Eb-7,A1,1,39
15.63138322,0.565736961451,4,1,5,2,'4/4',Eb-7,A1,1,43
16.1971201814,0.511179138322,4,1,5,3,'4/4',Eb-7,A1,1,43
16.7082993197,0.566009070295,4,1,5,4,'4/4',Eb-7,A1,1,43
17.27430839,0.565759637188,4,1,6,1,'4/4',Cm7b5,A1,1,43
17.8400680272,0.511111111111,4,1,6,2,'4/4',Cm7b5,A1,1,44
18.3511791383,0.566054421769,4,1,6,3,'4/4',F7,A1,1,45
18.9172335601,0.555941043084,4,1,6,4,'4/4',F7,A1,1,44
19.4731746032,0.555986394558,4,1,7,1,'4/4',Bb-7,A1,1,45
20.0291609977,0.526575963719,4,1,7,2,'4/4',Eb7,A1,1,43
20.5557369615,0.540952380952,4,1,7,3,'4/4',Eb-7,A1,1,44
21.0966893424,0.561383219955,4,1,7,4,'4/4',Ab7,A1,1,47
21.6580725624,0.560929705215,4,1,8,1,'4/4',Db6,A1,1,37
22.2190022676,0.546099773243,4,1,8,2,'4/4',Db6,A1,1,37
22.7651020408,0.546213151927,4,1,8,3,'4/4',Bb7,A1,1,44
23.3113151927,0.555873015873,4,1,8,4,'4/4',Bb7,A1,1,47
23.8671882086,0.546326530612,4,1,9,1,'4/4',Eb-7,A2,1,51
24.4135147392,0.565827664399,4,1,9,2,'4/4',Eb-7,A2,1,49
24.9793424036,0.546099773243,4,1,9,3,'4/4',Bb79b,A2,1,47
25.5254421769,0.54612244898,4,1,9,4,'4/4',Bb79b,A2,1,47
26.0715646259,0.55589569161,4,1,10,1,'4/4',Eb-7,A2,1,43
26.6274603175,0.531020408163,4,1,10,2,'4/4',Eb-7,A2,1,44
27.1584807256,0.530997732426,4,1,10,3,'4/4',D7,A2,1,39
27.689478458,0.590929705215,4,1,10,4,'4/4',D7,A2,1,44
28.2804081633,0.580952380952,4,1,11,1,'4/4',Dbj7,A2,1,37
28.8613605442,0.530793650794,4,1,11,2,'4/4',Dbj7,A2,1,43
29.392154195,0.575850340136,4,1,11,3,'4/4',Gb7,A2,1,49
29.9680045351,0.526598639456,4,1,11,4,'4/4',Gb7,A2,1,43
30.4946031746,0.585328798186,4,1,12,1,'4/4',F-7,A2,1,40
31.0799319728,0.546145124717,4,1,12,2,'4/4',F-7,A2,1,40
31.6260770975,0.536326530612,4,1,12,3,'4/4',Eo7,A2,1,40
32.1624036281,0.565759637188,4,1,12,4,'4/4',Eo7,A2,1,40
32.7281632653,0.546281179138,4,1,13,1,'4/4',Eb-7,A2,1,39
33.2744444444,0.566689342404,4,1,13,2,'4/4',Eb-7,A2,1,47
33.8411337868,0.500770975057,4,1,13,3,'4/4',Eb-7,A2,1,40
34.3419047619,0.565759637188,4,1,13,4,'4/4',Eb-7,A2,1,43
34.9076643991,0.547188208617,4,1,14,1,'4/4',Cm7b5,A2,1,43
35.4548526077,0.565736961451,4,1,14,2,'4/4',Cm7b5,A2,1,43
36.0205895692,0.55612244898,4,1,14,3,'4/4',F7,A2,1,44
36.5767120181,0.555827664399,4,1,14,4,'4/4',F7,A2,1,45
37.1325396825,0.550634920635,4,1,15,1,'4/4',Bb-7,A2,1,46
37.6831746032,0.536349206349,4,1,15,2,'4/4',Eb7,A2,1,50
38.2195238095,0.556054421769,4,1,15,3,'4/4',Eb-7,A2,1,51
38.7755782313,0.536371882086,4,1,15,4,'4/4',Ab7,A2,1,43
39.3119501134,0.550544217687,4,1,16,1,'4/4',Db,A2,1,37
39.8624943311,0.526598639456,4,1,16,2,'4/4',Db,A2,1,43
40.3890929705,0.556054421769,4,1,16,3,'4/4',A7,A2,1,43
40.9451473923,0.555941043084,4,1,16,4,'4/4',A7,A2,1,45
41.5010884354,0.54612244898,4,1,17,1,'4/4',Dj7,B1,1,42
42.0472108844,0.531065759637,4,1,17,2,'4/4',Dj7,B1,1,40
42.578276644,0.565782312925,4,1,17,3,'4/4',E-7,B1,1,40
43.1440589569,0.546167800454,4,1,17,4,'4/4',E-7,B1,1,43
43.6902267574,0.566009070295,4,1,18,1,'4/4',D/F#,B1,1,42
44.2562358277,0.511224489796,4,1,18,2,'4/4',D/F#,B1,1,43
44.7674603175,0.565714285714,4,1,18,3,'4/4',G-7,B1,1,43
45.3331746032,0.556145124717,4,1,18,4,'4/4',C7,B1,1,44
45.8893197279,0.565782312925,4,1,19,1,'4/4',F#-7,B1,1,38
46.4551020408,0.546099773243,4,1,19,2,'4/4',B-7,B1,1,50
47.0012018141,0.521156462585,4,1,19,3,'4/4',E-7,B1,1,43
47.5223582766,0.516825396825,4,1,19,4,'4/4',A7,B1,1,43
48.0391836735,0.555986394558,4,1,20,1,'4/4',Dj7,B1,1,46
48.595170068,0.565827664399,4,1,20,2,'4/4',Dj7,B1,1,49
49.1609977324,0.530884353741,4,1,20,3,'4/4',Dj7,B1,1,45
49.6918820862,0.546167800454,4,1,20,4,'4/4',Dj7,B1,1,40
50.2380498866,0.565782312925,4,1,21,1,'4/4',D-7,B1,1,38
50.8038321995,0.556031746032,4,1,21,2,'4/4',D-7,B1,1,42
51.3598639456,0.546031746032,4,1,21,3,'4/4',G7,B1,1,43
51.9058956916,0.556099773243,4,1,21,4,'4/4',G7,B1,1,47
52.4619954649,0.546394557823,4,1,22,1,'4/4',Cj7,B1,1,43
53.0083900227,0.540612244898,4,1,22,2,'4/4',Cj7,B1,1,35
53.5490022676,0.536349206349,4,1,22,3,'4/4',Ebo,B1,1,39
54.0853514739,0.546394557823,4,1,22,4,'4/4',Ebo,B1,1,47
54.6317460317,0.565804988662,4,1,23,1,'4/4',D-7,B1,1,36
55.1975510204,0.555941043084,4,1,23,2,'4/4',D-7,B1,1,37
55.7534920635,0.555873015873,4,1,23,3,'4/4',G7,B1,1,43
56.3093650794,0.530884353741,4,1,23,4,'4/4',G7,B1,1,47
56.8402494331,0.536281179138,4,1,24,1,'4/4',C7,B1,1,43
57.3765306122,0.556077097506,4,1,24,2,'4/4',B7,B1,1,43
57.9326077098,0.565782312925,4,1,24,3,'4/4',Bb7,B1,1,43
58.4983900227,0.546870748299,4,1,24,4,'4/4',Bb7,B1,1,40
59.045260771,0.540816326531,4,1,25,1,'4/4',Eb-7,A3,1,36
59.5860770975,0.581020408163,4,1,25,2,'4/4',Eb-7,A3,1,43
60.1670975057,0.565850340136,4,1,25,3,'4/4',Bb79b,A3,1,47
60.7329478458,0.546077097506,4,1,25,4,'4/4',Bb79b,A3,1,43
61.2790249433,0.531065759637,4,1,26,1,'4/4',Eb-7,A3,1,43
61.8100907029,0.511383219955,4,1,26,2,'4/4',Eb-7,A3,1,39
62.3214739229,0.546099773243,4,1,26,3,'4/4',D7,A3,1,50
62.8675736961,0.521156462585,4,1,26,4,'4/4',D7,A3,1,44
63.3887301587,0.556054421769,4,1,27,1,'4/4',Dbj7,A3,1,37
63.9447845805,0.5810430839,4,1,27,2,'4/4',Dbj7,A3,1,44
64.5258276644,0.565804988662,4,1,27,3,'4/4',Gb7,A3,1,49
65.0916326531,0.521201814059,4,1,27,4,'4/4',Gb7,A3,1,43
65.6128344671,0.536371882086,4,1,28,1,'4/4',F-7,A3,1,40
66.1492063492,0.55052154195,4,1,28,2,'4/4',F-7,A3,1,42
66.6997278912,0.526712018141,4,1,28,3,'4/4',Eo7,A3,1,43
67.2264399093,0.530839002268,4,1,28,4,'4/4',Eo7,A3,1,43
67.7572789116,0.620272108844,4,1,29,1,'4/4',Eb-7,A3,1,39
68.3775510204,0.658276643991,4,1,29,2,'4/4',Eb-7,A3,1,42
69.0358276644,0.664671201814,4,1,29,3,'4/4',Eb-7,A3,1,46
69.7004988662,0.630113378685,4,1,29,4,'4/4',Eb-7,A3,1,43
70.3306122449,0.624489795918,4,1,30,1,'4/4',Cm7b5,A3,1,44
70.9551020408,0.624489795918,4,1,30,2,'4/4',Cm7b5,A3,1,43
71.5795918367,0.661224489796,4,1,30,3,'4/4',F7,A3,1,45
72.2408163265,0.636734693878,4,1,30,4,'4/4',F7,A3,1,44
72.8775510204,0.648979591837,4,1,31,1,'4/4',Bb-7,A3,1,46
73.5265306122,0.648979591837,4,1,31,2,'4/4',Eb7,A3,1,46
74.1755102041,0.615963718821,4,1,31,3,'4/4',Eb-7,A3,1,39
74.7914739229,0.6779138322,4,1,31,4,'4/4',Ab7,A3,1,44
75.4693877551,0.620408163265,4,1,32,1,'4/4',Db6,A3,1,37
76.0897959184,0.666666666667,4,1,32,2,'4/4',Db6,A3,1,37
76.756462585,0.61589569161,4,1,32,3,'4/4',Db6,A3,1,46
77.3723582766,0.671179138322,4,1,32,4,'4/4',Db6,A3,1,36
78.043537415,0.637278911565,4,1,33,1,'4/4',Db6,A3,1,39
78.6808163265,0.637278911565,4,1,33,2,'4/4',NC,A3,1,50
